@what
-1.5860756519242
0.813264321097462
-1.45775665667324
0.537823826105691
-1.22386963272151
-0.0736741151246351
1.19052773329074
-0.248395839073504
1.66503709108865
0.495752383197346
1.82692937655951
0.726745425222537
~
-1.60467205756052
0.826252015735909
-1.46297363344311
0.538363397607679
-1.228999686111
-0.0744818538305062
1.19301848846603
-0.248119549045665
1.6683380738945
0.497338272087886
1.82694380784082
0.728540384779208
~
-1.60769977121494
0.823654414307329
-1.45868109770217
0.516113223177495
-1.18016350532613
-0.074907068952067
1.19112706380879
-0.247976981064104
1.66465641608424
0.498264918814931
1.82216675323021
0.729177736571299
~
-1.61639303283718
0.822136024478957
-1.46370936799218
0.528457103306948
-1.20799308835199
-0.072700899923151
1.19019204312616
-0.24663245646099
1.66348237762926
0.498702725008591
1.82239794758827
0.732094451189268
~
-1.61962802137482
0.823477354940841
-1.46183018512575
0.524811744369776
-1.20453808960358
-0.0743216703917088
1.19065155532611
-0.244122753812799
1.66089979715805
0.501635262632325
1.81525579901516
0.731184552653665
~
-1.61470841331786
0.818360873249059
-1.45897766786038
0.518643990710894
-1.19946531509354
-0.0779320631030435
1.19022261412626
-0.2412082212232
1.65994814468574
0.503978584171043
1.8163666835885
0.733739823049707
~
-1.61458628914913
0.814809362432066
-1.46440604929074
0.528332999575367
-1.21463486255876
-0.0727871663220675
1.18948887454037
-0.239217374632606
1.65826729548501
0.505993096846313
1.81196825657641
0.733174459229319
~
-1.61932446090464
0.817098764684604
-1.48233803650083
0.526214298259582
-1.2196056802671
-0.0713354156302325
1.19252678240909
-0.236818806751249
1.64927996940767
0.517596493163189
1.8086065080751
0.733844804233091
~
-1.61993820431094
0.819609260238798
-1.48076848282971
0.530570334416146
-1.22248034802741
-0.0688820124079961
1.19100430348842
-0.234554010137204
1.65024808113959
0.51822149522474
1.80765159790775
0.735639956346273
~
-1.60817794611225
0.813034121283202
-1.46927389650152
0.504383840337347
-1.19283166741808
-0.0846600675172503
1.18927313100902
-0.232010794345544
1.62177916577438
0.515205139592273
1.80094267926791
0.736275647526096
~
-1.60424713519294
0.811502948455951
-1.46909799481425
0.520460882944268
-1.21252350229063
-0.0756189016705182
1.18472048164377
-0.230273444711149
1.56085911026123
0.556150601043152
1.75460751703132
0.660385881644342
~
-1.60673745558992
0.813979601193647
-1.47279731527478
0.529910489256821
-1.22151618339275
-0.0695566229307642
1.18691952884911
-0.227141657569099
1.55619970267316
0.566512222459718
1.76718822457294
0.731333205703507
~
-1.61143632876285
0.816240773232655
-1.47349782142109
0.533258452508378
-1.22623742525272
-0.0682058185341091
1.18780192774516
-0.227103393853969
1.61813640526809
0.539331734377628
1.75963423864973
0.732752123929656
~
-1.6134885701595
0.818102924698013
-1.47214604881911
0.52822728280622
-1.22649480962429
-0.0744907153748257
1.18794853317316
-0.223605773035292
1.61649624529425
0.544335352075687
1.74262627420908
0.737064386338001
~
-1.612485359444
0.817765467166534
-1.46589007694109
0.523239474745507
-1.22496849975062
-0.0811679437156687
1.18737109178177
-0.215682478812285
1.57841644607715
0.569169667138576
1.72180228056218
0.73780607274591
~
-1.61533998775341
0.819414415360977
-1.45638990651627
0.491975573937471
-1.18136714647536
-0.0964191009512938
1.18686106610408
-0.207532123836666
1.56192212277569
0.584829542229875
1.70221388670764
0.738699786915198
~
-1.62001865699847
0.821626302320843
-1.45768437057213
0.48829505058464
-1.17527754359039
-0.0977950996552016
1.18653410225958
-0.197776694791141
1.5634622508428
0.595713482704253
1.69805034601767
0.743178071941508
~
-1.62066358251283
0.821483072836631
-1.46136144410913
0.494121588946784
-1.17677084628547
-0.0912509142729825
1.18269834288429
-0.190243572253948
1.55176113189401
0.607999928825573
1.69067434425512
0.746205844410967
~
-1.60924080624328
0.813121192045471
-1.45962111043825
0.499431646757647
-1.19853710161259
-0.0968641355076109
1.17742669437534
-0.184505645883042
1.54739905837336
0.610698018194194
1.68443420515614
0.748281423451173
~
-1.60645485082608
0.811269716497909
-1.46117100141985
0.502686615277884
-1.19977819258048
-0.0926774918530979
1.17595266939881
-0.180380354785683
1.52688483084111
0.362408146531074
1.67928251289954
0.750474625103293
~
-1.6100632199536
0.813616134865893
-1.46292437535914
0.493834690293501
-1.19075070790807
-0.0969100864271019
1.17931499533015
-0.179028057492242
1.54395447245197
0.618958319188661
1.68290956340157
0.755094838271453
~
-1.61435225548477
0.814946395676427
-1.45852556118987
0.477198775693888
-1.16139132812337
-0.101138899373256
1.18318744337039
-0.178450668087475
1.54905409669613
0.621214964226128
1.68722155649513
0.756549505033519
~
-1.59589821182721
0.800064609907629
-1.45794519926868
0.495792327557759
-1.19117516988881
-0.0977433852420134
1.18038453683824
-0.178216150258875
1.54498891388189
0.620736196890505
1.68492426908584
0.754992860687071
~
-1.59211408391372
0.796420525894592
-1.45077232121507
0.475539799369925
-1.15060633001858
-0.0985253009607939
1.17976066820321
-0.177632517660245
1.55874121209333
0.615253350600728
1.67778488432267
0.752636254925648
~
-1.59726547666843
0.801715898651185
-1.44321462230196
0.47569074813417
-1.14670713931862
-0.0998817265182435
1.18030422077891
-0.175926561349104
1.55387456612793
0.620924596076118
1.68187252307717
0.758048884006339
~
-1.60050459483529
0.8054875390226
-1.51133151184938
0.701080039127994
-1.14263779946401
-0.098076411491258
1.1794129745208
-0.175011995746058
1.56361766514386
0.616187744628476
1.67971241868878
0.760375604251955
~
-1.60412456008756
0.808117936084089
-1.44315150264699
0.509669196107799
-1.19445590269864
-0.0908477555186412
1.18693464913979
-0.17807305748961
1.58408822519263
0.607177097572881
1.68452568689555
0.763498013355755
~
-1.60165978754368
0.807631715186448
-1.44964156289757
0.514951906212381
-1.20495034474769
-0.0886529503253441
1.18652609000212
-0.17864675340395
1.5890707311574
0.605223416191818
1.68705620527655
0.766592713356811
~
-1.59095804609025
0.796120139667506
-1.44686982210367
0.510114670269699
-1.19241565806818
-0.0847771976121998
1.17759594618581
-0.184378272653034
1.55472211532749
0.605520779873704
1.67458071048541
0.756484342111506
~
-1.58117606779051
0.791983474588163
-1.44718131974158
0.513488017802122
-1.19865206248809
-0.082997650924641
1.17633566927597
-0.187180972573023
1.573159214674
0.591645694012711
1.67781059897184
0.754733735686798
~
-1.57134426278146
0.787570836609749
-1.44082990591481
0.501720106433342
-1.18678713548284
-0.0912996501482089
1.17456793979421
-0.190025155828115
1.58351599862842
0.581132779784555
1.68351855829719
0.753727088515016
~
-1.56885386871336
0.787408611233428
-1.43602802893244
0.481050455552187
-1.15556052048541
-0.0974882308159821
1.17081181009133
-0.193637148952003
1.58083782864809
0.575570168733756
1.6838299676709
0.751944258669409
~
-1.56349277442241
0.78847979551696
-1.43203458241716
0.509511729722194
-1.18679233272589
-0.0850237681227362
1.16761016417209
-0.192414528617854
1.57900693341766
0.573827130957323
1.68401322895188
0.753658130508106
~
----