@Right hand swipe left
-0.636356177938111
0.725285562991026
-0.686544257521611
0.42868648571889
-0.837108443382036
-0.461110746097518
0.622345491333724
-0.897394335720911
0.697377070424473
-1.62168326458675
0.755549171254944
-1.89301156988207
~
-0.760957445768904
0.352701075360054
-0.691006635395592
0.199140578948624
-0.793857378269668
-0.481726233740758
0.618527480611779
-0.875027597522756
0.738411479013837
-1.7278000981715
0.764192059335686
-1.96765445463843
~
-0.304828264719436
0.439420669334368
-0.52088903568579
0.428944653651131
-0.829226300930912
-0.454959643483383
0.617111930249796
-0.873438544418291
0.73862985435236
-1.73212410006905
0.778348957723298
-1.9739379710017
~
-0.21783869105907
0.191343062945341
-0.436542370110167
0.180738883765379
-0.881609984252194
-0.386515134426571
0.626638967553869
-0.86409989468636
0.71379538365969
-1.62663971860587
0.750855635851071
-1.86166302257693
~
-0.724632918706736
0.341145185800337
-0.571126509562949
0.403816552385233
-0.843527474537105
-0.271072732375308
0.626785027315829
-0.885196601337168
0.711799161805845
-1.63048403246682
0.75570395177247
-1.89441961659081
~
-0.672109419566475
0.419627034705133
-0.712751283503428
0.145528461566681
-0.826763768464192
-0.516664386119343
0.622269831579766
-0.879688750015059
0.73410481958962
-1.76747192639556
0.76227650465596
-1.97182122855554
~
-0.46255537371279
0.418879433842922
-0.512542601311602
0.139656149132297
-0.910814237281426
-0.438631372722585
0.630221657281027
-0.848710184664731
0.743757628004784
-1.74449548792495
0.772956868563488
-1.94728117802148
~
-0.515819418508967
0.404709457807017
-0.568082119614756
0.121552198198882
-0.896970265475822
-0.465528527261583
0.626034555658281
-0.914822375720087
0.747718338871209
-1.81033320001188
0.773761529336457
-2.04694669297144
~
-0.786702969947402
0.318599165305515
-0.708753642768531
0.092738572219163
-0.84379334606357
-0.52738789284074
0.621220607326549
-0.889577245125662
0.701460567112977
-1.60479955756519
0.746071611519491
-1.87034142948097
~
-0.69426988400588
0.310632096310505
-0.685214642567821
0.0280635155890352
-0.888467134578047
-0.542820516842904
0.621149561921065
-0.893488024108678
0.745330303119466
-1.74660250589013
0.763323806890809
-1.97494654878885
~
-0.402368472686791
0.216314217948017
-0.518885896313467
0.0648927494322883
-0.958528191093745
-0.461492432985803
0.643485925066734
-0.88222892336869
0.766545703463594
-1.75987080141204
0.787204529085415
-2.00148943186237
~
-0.440676466913914
0.314570255260425
-0.560116611974158
0.182208483897172
-0.882626103172003
-0.563119181143683
0.632713381022054
-0.887378049780456
0.752179324987247
-1.7650590982329
0.774110934394552
-1.9960571481506
~
-0.761292015176198
0.325498397202041
-0.751472457505316
0.0464519564459835
-0.82866118696509
-0.572057511680499
0.629867711187851
-0.880830506761259
0.718562539939537
-1.58030492308385
0.750551298493136
-1.84457484443233
~
-0.587796339800595
0.385879427804966
-0.570188130756184
0.101251180090217
-0.927860231312262
-0.481465922216775
0.636993167854509
-0.882097923669503
0.749320809543241
-1.77434344621543
0.782942511191906
-1.9959208973961
~
-0.464450367293485
0.220411868984017
-0.483129832444597
0.138094508274627
-0.939536859567248
-0.469530781288082
0.638773205394601
-0.870409931522728
0.758445316440007
-1.76607221788257
0.799756619150663
-1.97946093979478
~
-0.758290935444015
0.263817760823252
-0.739864567007757
0.113181117539803
-0.840811450916969
-0.515756644580051
0.631443707878761
-0.896702641311718
0.75669859886097
-1.7593659408022
0.801859947681956
-1.9743097791033
~
-0.739877211149539
0.237637814336569
-0.749999823273261
0.011845532338799
-0.810472920570958
-0.582037920992895
0.627890941321684
-0.890698823269488
0.758400619519164
-1.74684231738141
0.80169726603183
-1.96178225146869
~
-0.427167638002895
0.35209177237801
-0.492500230178199
0.141838073953916
-0.950684180642743
-0.420945385780628
0.635239735416989
-0.825451215547949
0.77359185260599
-1.71410939866202
0.819118832397468
-1.92756552810009
~
-0.321584740517739
0.6613617819071
-0.491608566917344
0.416223806502951
-0.941813098849795
-0.46320371952594
0.656824695053659
-0.893243889134844
0.799529558237081
-1.80755716865722
0.848417546045449
-2.03171882518881
~
-0.753771342434321
0.220195370848494
-0.746620190551777
-0.00329324041333133
-0.855748342513867
-0.569261173042693
0.646583294441641
-0.89736863084519
0.779998394446609
-1.76449365623501
0.827936996705306
-1.98140190523625
~
-0.483740578492114
0.32633706136874
-0.527579142115731
0.108889406026081
-0.920037995799876
-0.480978386824531
0.649728957116162
-0.912810738070255
0.785116342697186
-1.79251909201284
0.832380558663151
-2.01154435742904
~
-0.306326965483552
0.493652806698186
-0.350156379840881
0.276250476335593
-0.831940342893794
-0.261830693774004
0.646604503104501
-0.846114905494365
0.785571574604973
-1.72810906955115
0.831295000513391
-1.94342151136119
~
-0.691328811769154
0.605315074775587
-0.735805103176496
0.314591080246623
-0.869233977398524
-0.557580955817316
0.650276437766297
-0.904821470448876
0.786066516715279
-1.7775867070514
0.829313953114486
-1.98611653268667
~
-0.780605786583089
0.265774049612592
-0.734307135243314
0.284053783028069
-0.84483877732947
-0.561929028309692
0.645876102755553
-0.900117724374376
0.780310554491006
-1.75724220777896
0.823863966891729
-1.95821148771066
~
-0.34425976644479
0.325286919807751
-0.489200308418928
0.127580236908768
-0.92402203878056
-0.465539759568571
0.652517714615678
-0.886037833543752
0.788031206968413
-1.75530293707927
0.829133941233374
-1.95087033919566
~
-0.511483080601729
0.16069075675028
-0.505625350421981
0.356508484461524
-0.947907144201279
-0.476806469322525
0.660209298113884
-0.903729637394453
0.799407818798546
-1.77277188745672
0.842053433646549
-1.97951185225074
~
-0.834749013956117
0.29383275027683
-0.721717718193578
0.32777929685366
-0.869078137325512
-0.535923685360594
0.652764752672282
-0.901304193306386
0.787488882367788
-1.74806680722839
0.830389802207463
-1.95143099019351
~
-0.716617396491266
0.297059259633732
-0.711851962725872
0.301132550067866
-0.866203583967082
-0.540131390239897
0.649075599118852
-0.895190655415137
0.780456008555439
-1.72613402832026
0.82433704213758
-1.9315722498807
~
-0.400648518156659
0.247958067890772
-0.533618537451661
0.0777908551248775
-0.932528542719034
-0.432710783172806
0.657336324851283
-0.890195499984825
0.797026247238448
-1.75157200689934
0.842513927516407
-1.96279481151564
~
-0.687545408656692
0.299436757087074
-0.515736605543485
0.384287903744695
-0.921730643482108
-0.457324481579636
0.659747931450191
-0.914740690034697
0.79939862796975
-1.77928553055491
0.845653535369133
-1.9883106199272
~
-0.871527595763924
0.276825211824512
-0.76211486027209
0.298898668138215
-0.832337841186459
-0.569161107324871
0.653973157524701
-0.896994664267358
0.790963758654518
-1.73598179245575
0.835362981415508
-1.9414940701693
~
-0.589829213718373
0.146378770945782
-0.654154343073345
-0.0346807652047022
-0.847129680266038
-0.577859424528378
0.650953793404776
-0.899888462603944
0.786570443605644
-1.73187471541795
0.829164841113317
-1.93312085879875
~
-0.246018070056543
0.289229020355028
-0.39837567780801
0.102433569051423
-0.855448402879806
-0.457952833950697
0.645044502176173
-0.828341216320067
0.777153272934826
-1.62732436074982
0.822186885128439
-1.817698420763
~
----