@what
-1.62396323573013
0.562265946008378
-1.47252035225486
0.371033570800443
-1.12597068405356
-0.318603143557426
1.11686614176762
-0.229734326144782
1.46635446357281
0.564482841087089
1.54980033717979
0.63562559225101
~
-1.62516357134801
0.567671941542302
-1.4732468121196
0.37651636241422
-1.12924410266278
-0.313547902268254
1.11336706351405
-0.231415015617259
1.464256955437
0.567796600103263
1.54128812957257
0.635570759439117
~
-1.62028553988191
0.566683425608173
-1.4748374560238
0.378667280938393
-1.12957323756493
-0.316428271668447
1.11246546576104
-0.232376710556369
1.46124178785846
0.568970029685788
1.53862362168078
0.637846273092834
~
-1.62093051954987
0.567685830157126
-1.4757159429411
0.381053908814682
-1.12977732398134
-0.314417792014363
1.11119329120458
-0.23209601743785
1.45697544829259
0.571120787189629
1.53503186119435
0.641494536614803
~
-1.62104496475444
0.56972627906337
-1.47559859011652
0.383620588347972
-1.12852647277406
-0.313277347946439
1.11427327063286
-0.227783599927602
1.4533720559981
0.574822389795484
1.53405132819937
0.645705616447971
~
-1.61785914795004
0.568714941212208
-1.47633135542347
0.38495657177569
-1.12865011368538
-0.315463588552852
1.11400554369622
-0.226776170714699
1.45097298495205
0.576731266689067
1.53178998549682
0.649677849940458
~
-1.61853515778603
0.568568827837584
-1.47908435513648
0.386844282596086
-1.13149124426357
-0.318732794569782
1.11356300444696
-0.226479891539411
1.4453104949796
0.576030142694133
1.52378765118171
0.651040295040611
~
-1.61885021475337
0.565810680706523
-1.47795018003025
0.386230073017376
-1.12930134838645
-0.319774117795362
1.11444092951674
-0.215352997814395
1.44262552284947
0.576664092776725
1.52100071790836
0.653797311166752
~
-1.6208971689073
0.562563475365031
-1.48128648096895
0.386524098676029
-1.13072315974025
-0.324726373497401
1.1160153258791
-0.211644246397842
1.44291704167061
0.580052824380009
1.60519875740282
0.731179575351144
~
-1.62318225946745
0.560733621696822
-1.48171572492995
0.386269101644947
-1.13088329368867
-0.325253506126756
1.11648079599307
-0.21052849179882
1.44204632343733
0.580898508513408
1.54878531304258
0.692783813164733
~
-1.62504308373704
0.561985028116387
-1.48333075550296
0.387594169037429
-1.13212708789603
-0.324240177066842
1.11824679785322
-0.210678615463178
1.441183244251
0.583795518217929
1.53825927144273
0.689575416686161
~
-1.62552480105923
0.560131984032306
-1.48195789097123
0.386658157577228
-1.1295610779588
-0.324184635149088
1.11429154668942
-0.215091618652902
1.43791004657962
0.584520062111395
1.5330517381553
0.687027980714593
~
-1.6211795813188
0.558300132755043
-1.48206435270055
0.38708394500136
-1.12770744792565
-0.325120155822419
1.11460394107098
-0.21390377107634
1.43683278319183
0.583551543646843
1.52821158299934
0.684216966730202
~
-1.62116039344977
0.559644455146879
-1.48280657169359
0.38820832512604
-1.12866316836948
-0.324775547602753
1.11553579315707
-0.214061568721469
1.43973319481869
0.583650820584719
1.52847354858647
0.681800298126516
~
-1.62917505951209
0.567839032678792
-1.48509015090413
0.391022879944149
-1.13625394453382
-0.314324976705383
1.12061910068373
-0.213281214400737
1.44268754817482
0.584058437814008
1.53210959271924
0.682259728735931
~
-1.62970622864757
0.569739958293618
-1.48738360391659
0.394402695274249
-1.13725782569861
-0.315578975826805
1.12482880527154
-0.215328808640481
1.44781464836786
0.585785688499608
1.53776466234892
0.682925619366652
~
-1.62916486235797
0.571831476564879
-1.48653161350888
0.396271047230637
-1.13579086304571
-0.31386779695121
1.12300911024287
-0.217402181472471
1.44987349486081
0.585789496327441
1.53940075319466
0.682667527160952
~
-1.63005911684356
0.575919254115192
-1.487442722308
0.399021585479775
-1.13647632567907
-0.311839756955067
1.12340111190576
-0.220679512813178
1.45259114439505
0.586742033078418
1.54250995966415
0.683016943673655
~
-1.63094455405453
0.582806932900466
-1.48801435634937
0.402583462795649
-1.13830756785541
-0.304365653142329
1.11929400866943
-0.220842697862253
1.44896112955812
0.584053871514402
1.53577570762133
0.677523024910901
~
-1.62987374718481
0.585258634455397
-1.48777959188431
0.403882493984345
-1.14017558786205
-0.304833515032846
1.12285358752614
-0.217727460298072
1.45031036375273
0.585711984013554
1.53744817039705
0.677787597307253
~
-1.63270022575241
0.588573892326874
-1.48846627063118
0.406426238749974
-1.14187703510358
-0.301573312532677
1.11983459031605
-0.219818295089896
1.45225112004294
0.585403262792414
1.54021030463156
0.678049049571024
~
-1.63199480245259
0.589323425852672
-1.48331527809614
0.400820562954231
-1.14087355361346
-0.299626181586191
1.11654134774297
-0.220963478704053
1.45395648540955
0.586031625990325
1.54295068620204
0.67849735312201
~
-1.63087926929687
0.588508943272316
-1.47896100861441
0.390333047446415
-1.14118123002748
-0.300451212565086
1.12008142585141
-0.219750889751419
1.45637330931688
0.586727380576914
1.54497589407235
0.67901990406041
~
-1.62650247789307
0.585948135788972
-1.47027650560072
0.371588692913988
-1.1400836652416
-0.303741011937893
1.11804692827237
-0.221127409867706
1.45644568982646
0.587215504454925
1.54554035801155
0.678742754311187
~
-1.62089597301666
0.58268222679406
-1.46578850665193
0.368409402008753
-1.13967361726353
-0.310790446002226
1.11669333419516
-0.222531043947435
1.45554857017133
0.586821681408913
1.54491113368997
0.678424330751609
~
-1.62100246613634
0.580415681613937
-1.46630370780432
0.367589323034561
-1.13925027959744
-0.311399800318873
1.11439638280522
-0.222261878306953
1.45728797357967
0.588250991155634
1.54690417199742
0.67920661065435
~
-1.61838556716554
0.578880182953265
-1.4644669533667
0.364450314390859
-1.13945694787364
-0.313445332407676
1.11426925287717
-0.2239974017245
1.45715740580366
0.58807871240431
1.54457308767251
0.677003047001398
~
-1.61961567691134
0.580120543806669
-1.46561914747783
0.368214991223664
-1.14004612398158
-0.310699464020802
1.11511108746634
-0.224193568581913
1.45765914898729
0.588584982669231
1.54500350299275
0.677755656563178
~
-1.6203339630909
0.581531889720633
-1.47082241964893
0.381581522774776
-1.14148346236856
-0.309647476033632
1.11492073763821
-0.221696826962785
1.45756844291714
0.588815592273412
1.54310498271035
0.67726072850063
~
-1.61631940644251
0.580511003506465
-1.46825675012921
0.375673565168203
-1.1416662063169
-0.312486938211391
1.11499820279374
-0.22227921508763
1.45905825125534
0.58950205851941
1.54392036512301
0.677990961081172
~
-1.61643369873256
0.580428263899709
-1.46874419302587
0.37802398609605
-1.14063030580735
-0.311173838846381
1.11948439103478
-0.219672849519421
1.45885060202868
0.588957609809186
1.54322809043978
0.677461808886453
~
-1.61829998141007
0.581012827026031
-1.47027818529533
0.377324255370497
-1.14150784141585
-0.310904759207305
1.11516735873553
-0.223587169001009
1.4599317115515
0.589008388252174
1.54348336767899
0.676791630212705
~
-1.61896011656959
0.581617626402922
-1.47023175059692
0.37682772191332
-1.14174045383734
-0.310227617774133
1.11722977279721
-0.222715212572604
1.45975328253326
0.588723260729323
1.54336063496652
0.676342614845182
~
----