@What
-1.1414567336822
0.172252813372018
-0.996848355984036
0.0665751080174707
-0.715956437392899
-0.541926965164758
0.813939560782087
-0.483751110689445
1.02586587400405
0.105295276958642
1.14395481844292
0.245142347495653
~
-1.13643946628342
0.163817789537234
-0.989128243192712
0.0698162265459688
-0.712717109182728
-0.540270962561606
0.812487957767278
-0.478537984473651
1.02492225561754
0.108686053716588
1.14183926573098
0.248924863999663
~
-1.1312404116053
0.162454294984952
-0.984443579519229
0.0687759892296064
-0.721361565365857
-0.533232600968283
0.809176056254715
-0.479501971635533
1.02188142979903
0.109167257477136
1.14067579053484
0.246109794773041
~
-1.06466868795571
0.139682368654417
-0.993200274199522
0.004825375893214
-0.731159204650799
-0.529023199317787
0.807725461967799
-0.484361773605945
1.02322209163116
0.104976974152859
1.08749902123235
0.179046839817587
~
-1.11702408914795
0.20540980407431
-0.995251359486409
0.0698911419223183
-0.732100744959007
-0.525001821043171
0.807084738427224
-0.482891597903103
1.02177712373298
0.104569377178548
1.14118410728044
0.242115045638491
~
-1.11621502771006
0.204433591775528
-0.993658277029785
0.069584906036596
-0.730312576949658
-0.524703225674063
0.806725342986418
-0.48207316463224
1.02478431800541
0.103001696420214
1.14131013102859
0.242549625062355
~
-1.1219295671854
0.203018382753273
-0.998914559855489
0.0682201141785331
-0.736839324327913
-0.518887038913104
0.807678064221255
-0.48734116081763
1.02759219143794
0.10032673202642
1.14360620867116
0.238774582270912
~
-1.11357643341662
0.205871223265965
-0.991752378471222
0.0727575860123456
-0.733880646163043
-0.51756799637756
0.802544267858292
-0.482795909383996
1.0224724344913
0.0992130209878057
1.1365539408354
0.235964028351441
~
-1.11160620829081
0.207229196141351
-0.986267912026895
0.0787656810802801
-0.732800458823484
-0.516054120439339
0.800272690278181
-0.481275811211514
1.0208576968823
0.0991463805224135
1.13472445888093
0.234713070613466
~
-1.11200508617717
0.204939139509395
-0.980788952922495
0.0795576594422507
-0.731003475357058
-0.516761522335334
0.802436279199964
-0.478313636405635
1.0213906594275
0.0994359612675763
1.13416798029684
0.235656569435432
~
-1.10839513836352
0.203673066781938
-0.978875801757195
0.0747230268286068
-0.734736809626145
-0.513051096678661
0.800360977351881
-0.479434957235392
1.02289495303355
0.0996208389179774
1.13589849222168
0.239673009389706
~
-1.1084977480622
0.202025256094061
-0.978853440819351
0.0735797903503282
-0.735642533416301
-0.511833257178434
0.797723627094736
-0.483265982004414
1.02280452244836
0.0991961773498161
1.13446001336479
0.241106002443614
~
-1.1087886676513
0.202929837883162
-0.980063917792856
0.0731003250942964
-0.736766345825617
-0.510484741903298
0.798006628943001
-0.484040102381888
1.02458287288604
0.101666024530075
1.13554116103391
0.244363671295818
~
-1.10733951161955
0.201709828433241
-0.987392009546113
0.0694567230056524
-0.739499401234914
-0.50832351501545
0.797949566338048
-0.489685105468476
1.02595839733586
0.0991025041160003
1.1364072106237
0.24294357598933
~
-1.11218822842455
0.204505657485893
-0.989377922496943
0.0712601760447525
-0.741710919080995
-0.509196232871464
0.798195167774296
-0.488632349000016
1.02354059184229
0.0990925478646827
1.1332487442856
0.244803166521638
~
-1.1079785050951
0.205539822044776
-0.985717052111786
0.073600807581045
-0.738063837337491
-0.507971125529989
0.798252854997454
-0.484712175354086
1.02425495416979
0.10457543976236
1.13572104533378
0.248253219671345
~
-1.16779122886791
0.199988473343471
-0.984933247756672
0.0743073000579021
-0.733896505649168
-0.509422825047542
0.800824488818062
-0.484423868786429
1.02810041716603
0.105596331691361
1.1410616629081
0.247658762994424
~
-1.12876329138887
0.167331619239844
-0.987242080380033
0.0723505711606394
-0.734864230857563
-0.50938437779204
0.800539044579865
-0.489042787986749
1.02650942125305
0.101274663130869
1.13859515300022
0.243160426983125
~
-1.15197737928827
0.186792615977911
-0.987298213577779
0.0734699828540962
-0.742365105502899
-0.50394218552775
0.800224455696233
-0.487916440007359
1.02607509439214
0.104764116907815
1.13833881343455
0.246378118925668
~
-1.14279464714446
0.174855327353755
-0.987701604538438
0.0725504047660106
-0.739676982924127
-0.505086038894942
0.801175728087726
-0.487546931079341
1.02801557316742
0.105110357298403
1.13997166172913
0.246943770792461
~
-1.14875318017736
0.178770265689436
-0.99057008094752
0.0733965966475674
-0.718627371650188
-0.519393289271586
0.801746635404256
-0.487488419285364
1.02836164965292
0.106615641432035
1.14434457200182
0.243064211864073
~
-1.14740046518078
0.175658455551496
-0.992998402225329
0.0752676351385165
-0.726334274741976
-0.511724591715544
0.802655186125997
-0.48915098088413
1.02865517653303
0.104676520523151
1.14814761998985
0.241148269650187
~
-1.14607792644648
0.17669341880431
-0.993810183324009
0.0772448377322088
-0.730196398236529
-0.510179110020342
0.801939936208981
-0.485952756446721
1.02846768734001
0.106965215575294
1.15063906054626
0.234173621317041
~
-1.14370138489624
0.172778756242881
-0.995966048039218
0.078003546203705
-0.730052207379318
-0.507699370459211
0.800434147285246
-0.485469631648245
1.02376474749639
0.105414570044591
1.14232462917351
0.235379794022758
~
-1.15275687883437
0.185021650153475
-0.992487059469257
0.0782729358777554
-0.734781314019254
-0.505238840588434
0.801688138909287
-0.484462292887094
1.02687764410046
0.107977181026075
1.14379075366684
0.2396952518732
~
-1.11458051744688
0.197798290292791
-0.986130327825836
0.0748864737512731
-0.734998953671455
-0.505553613305684
0.801705034700412
-0.484590352439106
1.02695819645024
0.106176418513239
1.14252437276861
0.239076229759248
~
-1.11671760274685
0.194511558536282
-0.985013970933715
0.0765504172789235
-0.733813785157957
-0.505339333623248
0.801472071495031
-0.482460471229339
1.0249285164455
0.107125661823061
1.13921625360862
0.239487225311447
~
-1.15444770145692
0.200315798428911
-0.984962164791879
0.0777396798021903
-0.73006330726894
-0.50628711990269
0.799717838329859
-0.481388888316529
1.02410973598629
0.108213013598464
1.13491071600186
0.246980192433845
~
-1.14070639419154
0.188365071728853
-0.989240092190171
0.0817766922574278
-0.730995367206583
-0.505615608283363
0.799802628667412
-0.481409992225504
1.0251366319527
0.107761118442055
1.13803613719186
0.244264228321173
~
-1.12507251414439
0.181559745153522
-0.982461393897716
0.0694289485383447
-0.729061515704299
-0.503688945577236
0.780506480752311
-0.487089846334287
1.00438444561607
0.100852736065143
1.11245609549328
0.23904916912671
~
-1.10421685195709
0.195093506452779
-0.986150035814412
0.0692449803653762
-0.73068218504829
-0.501776179998195
0.782329892339546
-0.493229145381657
1.00624765030291
0.095767448203698
1.11237519568343
0.235821685660412
~
-1.09291096123169
0.197493340621271
-0.9827737710428
0.063482406647157
-0.729816433739291
-0.502424185662281
0.783565035171036
-0.492993961946118
1.00656547089224
0.0951525020702486
1.11297489331
0.234327043704882
~
-1.09807404003897
0.199171642483863
-0.986261578327329
0.0640653865230466
-0.725394191495062
-0.5028705448413
0.783551643977012
-0.497015031692818
1.00833015851592
0.0916536925525013
1.12015097821089
0.226942403526185
~
----