@age
-0.702683759174375
-1.94929537492334
-0.674209620010704
-1.6470948135839
-0.585580790964709
-0.899948093444882
0.44978141316646
-0.610952086773842
0.231133220007638
0.11830717764592
0.158250506363769
0.361393633937318
~
-0.700400219151548
-1.94418147607288
-0.674064692583246
-1.64478147352276
-0.586332974348164
-0.8961059848376
0.465914734670823
-0.625253617672133
0.23658609407557
0.121673282531717
0.160143213877153
0.370648950714687
~
-0.699916687710538
-1.92719650329328
-0.676265523078093
-1.62500000283253
-0.588449226430983
-0.890650905370593
0.518662121134525
-0.689387206577314
0.329441278408179
-0.0668089892230251
0.266367664166064
0.140717066009855
~
-0.688768029506118
-1.78566907353575
-0.669276698806131
-1.50763732463784
-0.584965895270649
-0.838046921010063
0.445585745722221
-0.693462262548336
0.261783714801738
-0.194320731774836
0.200516339517298
-0.0279402056948626
~
-0.742798708082273
-1.87583138374661
-0.723156351817169
-1.58474121514173
-0.633598167779855
-0.881828364943359
0.467056203099886
-0.828405763073849
0.197128629284932
-0.355656383817861
0.181078967698814
-0.365345696183563
~
-0.768483680535316
-1.92636994746243
-0.749639425876049
-1.6273098885368
-0.652016343432187
-0.894220946188205
0.436363723664428
-0.887084848464408
0.323139544027232
-0.956883502128179
0.288201584016665
-0.978421459322688
~
-0.812739386707224
-1.98284213322908
-0.786516187643172
-1.67207781353041
-0.68028289196229
-0.916224911672983
0.488725616816524
-0.877360936369562
0.491706821895005
-1.52630786434483
0.445286606572719
-1.70671269776708
~
-0.829442164738007
-1.99436778975282
-0.801718714425587
-1.6808017979364
-0.677981394437148
-0.914705700774938
0.50243305611076
-0.894632118919813
0.577476074074686
-1.673991286758
0.538785977358215
-1.89325798330866
~
-0.823843986168283
-1.92294997060928
-0.806617689594077
-1.68200676366022
-0.678171216698183
-0.903616836273552
0.493843088084609
-0.909077544267539
0.617303530888626
-1.77252660452948
0.657868189795676
-2.07551895449804
~
-0.844755270547561
-1.95400582428444
-0.820573391868911
-1.69757222222592
-0.689529958127554
-0.907235702520985
0.505098184612983
-0.937388881129917
0.636078561474689
-1.87218305140696
0.659993780001986
-2.08620401910754
~
-0.870872794449213
-1.99439396900759
-0.832784414194991
-1.71994068998927
-0.705246609198809
-0.918131021763404
0.516815284294148
-0.955855635111573
0.624621967835297
-1.71404441737193
0.649526338356541
-1.99841051350381
~
-0.882787782953319
-1.97754827708124
-0.840066189897353
-1.728182146334
-0.715808056647704
-0.918716755934183
0.522885262274516
-0.938804617967476
0.611321522471115
-1.68705941128861
0.639814531059116
-1.98251554496285
~
-0.89160988743665
-1.98914887047735
-0.841884291224249
-1.75512679215907
-0.721979983511439
-0.918328149394943
0.517294344437202
-0.936657273625611
0.604134520023805
-1.66451775824821
0.635816163494224
-1.9676469422737
~
-0.88411341891341
-1.98910882534522
-0.840748813487302
-1.73974541671031
-0.727275240937221
-0.918812889141322
0.508602177546756
-0.934036994936317
0.588988041667019
-1.65845549239882
0.612481824510165
-1.96216375153916
~
-0.886205894773695
-2.00440146085858
-0.843417064697217
-1.73923143465481
-0.729999875984113
-0.917304406667092
0.504099356126957
-0.937918868323205
0.586269761189694
-1.66370313487835
0.607121992584287
-1.96602932239549
~
-0.887167888130053
-2.00150774445576
-0.841399418226996
-1.73261861914157
-0.727352939684204
-0.912301795350132
0.499704820531453
-0.938033531264401
0.584521039415818
-1.66509980184234
0.593997904464752
-1.96199331725082
~
-0.896022539160008
-1.98818441952465
-0.840526551834331
-1.73318359028947
-0.726204345461582
-0.910053636377712
0.497257213072693
-0.935252426504843
0.58225113587454
-1.66560958234389
0.587848937700741
-1.96092450070348
~
-0.899451652774691
-1.96871079672508
-0.83953608656815
-1.72929782703624
-0.724865295754377
-0.907306847711149
0.495416855934003
-0.930198075625419
0.566314875539563
-1.66995095181306
0.568327987968029
-1.96387598850971
~
-0.89458782578308
-1.98125844561258
-0.838201314664141
-1.72836668384716
-0.722799537289223
-0.906948922196127
0.496574696205076
-0.92538021855233
0.561938382805656
-1.66521289926977
0.580397882844933
-1.95655905662812
~
-0.893375776390242
-1.99056875885236
-0.838028761417717
-1.72733000964579
-0.719889000773789
-0.908197495209237
0.498151740847313
-0.925692002960451
0.567559057261216
-1.59401521649808
0.558791898198694
-1.84850293647408
~
-0.888841336560848
-1.99331498882188
-0.83269038728077
-1.72168225323038
-0.715016829287412
-0.906208747839727
0.499405983577795
-0.917871114508326
0.520139991229798
-1.46298277554286
0.497880811568207
-1.7031265693713
~
-0.879749107601217
-1.99228594446248
-0.81893388179474
-1.70092569118447
-0.705217968645896
-0.899903985614777
0.49535866898848
-0.888996332060795
0.41775173892756
-1.27488896672301
0.402491400943243
-1.30057788627206
~
-0.866263506276125
-1.95374069475374
-0.813163587876692
-1.6897530831764
-0.702626809764579
-0.892028416468957
0.441752731160854
-0.965746182740428
0.235529729605356
-0.668515040867792
0.18581033791216
-0.45617671695126
~
-0.837662364115729
-1.94172996970974
-0.789929629548041
-1.65134551963158
-0.682364683641635
-0.877368164856079
0.432601825798331
-0.842032043633828
0.196917788535002
-0.241000304248533
0.155859510189379
-0.119449810397358
~
-0.82329125470906
-1.93165874521971
-0.777366218185082
-1.63113921912243
-0.67055871558403
-0.863138129101124
0.404502017166653
-0.661126797415087
0.165014662227754
0.0806497268185528
0.101353373600881
0.269115365008769
~
-0.820309837390689
-2.01188226147184
-0.775324619971787
-1.7015309089053
-0.666342261026629
-0.907821578628258
0.429287317493325
-0.658485684118249
0.193901212591843
0.0765143129336686
0.128208769012782
0.270992591078059
~
-0.810346683040468
-2.01762002216936
-0.769482437295744
-1.70626920415737
-0.659503862684733
-0.909702860461154
0.361672450141347
-0.540531242497746
0.162611721120017
0.179796000715588
0.0967574960689964
0.374753350809406
~
-0.813619556124726
-1.98579142844817
-0.76256084154219
-1.70966685691491
-0.653322760775535
-0.91269551098128
0.367557553563512
-0.547902457946531
0.174448523832367
0.173178270030758
0.108640817677163
0.367997323302621
~
-0.804964106024755
-1.9537564137807
-0.757801201430595
-1.68216737082127
-0.648590631013828
-0.898313535593162
0.360120020833572
-0.545124888776237
0.185154658704051
0.173127377542892
0.120166458050827
0.365520942463716
~
-0.801314755209098
-1.99494299319536
-0.761044417996364
-1.70000856795288
-0.647831217457795
-0.909878707916423
0.40705046117631
-0.618877648580256
0.23158155256462
0.106721669545633
0.165899642325523
0.301169589445346
~
-0.801929580548243
-1.98862264456719
-0.76250581462768
-1.71196850655774
-0.648177799682961
-0.920067756643102
0.509736968574975
-0.752663385289328
0.298158128794575
0.028951073911708
0.271480173860592
0.164059569540645
~
-0.807469493392916
-2.00661156791072
-0.767758314539697
-1.69127000546241
-0.647823106411384
-0.904247769723426
0.549252270622028
-0.797598531713397
0.375666363593558
-0.179421310718895
0.361674367535186
-0.10131131211246
~
-0.818230069932977
-2.05547712883915
-0.776740438946624
-1.73901344792694
-0.652200721793734
-0.942924380566134
0.56170206395366
-0.93084492007148
0.432600696918827
-0.727232458381761
0.432092418587501
-0.651272731716545
~
----