
-0.702683759174375
-1.94929537492334
-0.674209620010704
-1.6470948135839
-0.585580790964709
-0.899948093444882
0.44978141316646
-0.610952086773842
0.231133220007638
0.11830717764592
0.158250506363769
0.361393633937318
~
-0.700400219151548
-1.94418147607288
-0.674064692583246
-1.64478147352276
-0.586332974348164
-0.8961059848376
0.465914734670823
-0.625253617672133
0.23658609407557
0.121673282531717
0.160143213877153
0.370648950714687
~
-0.699916687710538
-1.92719650329328
-0.676265523078093
-1.62500000283253
-0.588449226430983
-0.890650905370593
0.518662121134525
-0.689387206577314
0.329441278408179
-0.0668089892230251
0.266367664166064
0.140717066009855
~
-0.688768029506118
-1.78566907353575
-0.669276698806131
-1.50763732463784
-0.584965895270649
-0.838046921010063
0.445585745722221
-0.693462262548336
0.261783714801738
-0.194320731774836
0.200516339517298
-0.0279402056948626
~
-0.742798708082273
-1.87583138374661
-0.723156351817169
-1.58474121514173
-0.633598167779855
-0.881828364943359
0.467056203099886
-0.828405763073849
0.197128629284932
-0.355656383817861
0.181078967698814
-0.365345696183563
~
-0.768483680535316
-1.92636994746243
-0.749639425876049
-1.6273098885368
-0.652016343432187
-0.894220946188205
0.436363723664428
-0.887084848464408
0.323139544027232
-0.956883502128179
0.288201584016665
-0.978421459322688
~
-0.812739386707224
-1.98284213322908
-0.786516187643172
-1.67207781353041
-0.68028289196229
-0.916224911672983
0.488725616816524
-0.877360936369562
0.491706821895005
-1.52630786434483
0.445286606572719
-1.70671269776708
~
-0.829442164738007
-1.99436778975282
-0.801718714425587
-1.6808017979364
-0.677981394437148
-0.914705700774938
0.50243305611076
-0.894632118919813
0.577476074074686
-1.673991286758
0.538785977358215
-1.89325798330866
~
-0.823843986168283
-1.92294997060928
-0.806617689594077
-1.68200676366022
-0.678171216698183
-0.903616836273552
0.493843088084609
-0.909077544267539
0.617303530888626
-1.77252660452948
0.657868189795676
-2.07551895449804
~
-0.844755270547561
-1.95400582428444
-0.820573391868911
-1.69757222222592
-0.689529958127554
-0.907235702520985
0.505098184612983
-0.937388881129917
0.636078561474689
-1.87218305140696
0.659993780001986
-2.08620401910754
~
-0.870872794449213
-1.99439396900759
-0.832784414194991
-1.71994068998927
-0.705246609198809
-0.918131021763404
0.516815284294148
-0.955855635111573
0.624621967835297
-1.71404441737193
0.649526338356541
-1.99841051350381
~
-0.882787782953319
-1.97754827708124
-0.840066189897353
-1.728182146334
-0.715808056647704
-0.918716755934183
0.522885262274516
-0.938804617967476
0.611321522471115
-1.68705941128861
0.639814531059116
-1.98251554496285
~
-0.89160988743665
-1.98914887047735
-0.841884291224249
-1.75512679215907
-0.721979983511439
-0.918328149394943
0.517294344437202
-0.936657273625611
0.604134520023805
-1.66451775824821
0.635816163494224
-1.9676469422737
~
-0.88411341891341
-1.98910882534522
-0.840748813487302
-1.73974541671031
-0.727275240937221
-0.918812889141322
0.508602177546756
-0.934036994936317
0.588988041667019
-1.65845549239882
0.612481824510165
-1.96216375153916
~
-0.886205894773695
-2.00440146085858
-0.843417064697217
-1.73923143465481
-0.729999875984113
-0.917304406667092
0.504099356126957
-0.937918868323205
0.586269761189694
-1.66370313487835
0.607121992584287
-1.96602932239549
~
-0.887167888130053
-2.00150774445576
-0.841399418226996
-1.73261861914157
-0.727352939684204
-0.912301795350132
0.499704820531453
-0.938033531264401
0.584521039415818
-1.66509980184234
0.593997904464752
-1.96199331725082
~
-0.896022539160008
-1.98818441952465
-0.840526551834331
-1.73318359028947
-0.726204345461582
-0.910053636377712
0.497257213072693
-0.935252426504843
0.58225113587454
-1.66560958234389
0.587848937700741
-1.96092450070348
~
-0.899451652774691
-1.96871079672508
-0.83953608656815
-1.72929782703624
-0.724865295754377
-0.907306847711149
0.495416855934003
-0.930198075625419
0.566314875539563
-1.66995095181306
0.568327987968029
-1.96387598850971
~
-0.89458782578308
-1.98125844561258
-0.838201314664141
-1.72836668384716
-0.722799537289223
-0.906948922196127
0.496574696205076
-0.92538021855233
0.561938382805656
-1.66521289926977
0.580397882844933
-1.95655905662812
~
-0.893375776390242
-1.99056875885236
-0.838028761417717
-1.72733000964579
-0.719889000773789
-0.908197495209237
0.498151740847313
-0.925692002960451
0.567559057261216
-1.59401521649808
0.558791898198694
-1.84850293647408
~
-0.888841336560848
-1.99331498882188
-0.83269038728077
-1.72168225323038
-0.715016829287412
-0.906208747839727
0.499405983577795
-0.917871114508326
0.520139991229798
-1.46298277554286
0.497880811568207
-1.7031265693713
~
-0.879749107601217
-1.99228594446248
-0.81893388179474
-1.70092569118447
-0.705217968645896
-0.899903985614777
0.49535866898848
-0.888996332060795
0.41775173892756
-1.27488896672301
0.402491400943243
-1.30057788627206
~
-0.866263506276125
-1.95374069475374
-0.813163587876692
-1.6897530831764
-0.702626809764579
-0.892028416468957
0.441752731160854
-0.965746182740428
0.235529729605356
-0.668515040867792
0.18581033791216
-0.45617671695126
~
-0.837662364115729
-1.94172996970974
-0.789929629548041
-1.65134551963158
-0.682364683641635
-0.877368164856079
0.432601825798331
-0.842032043633828
0.196917788535002
-0.241000304248533
0.155859510189379
-0.119449810397358
~
-0.82329125470906
-1.93165874521971
-0.777366218185082
-1.63113921912243
-0.67055871558403
-0.863138129101124
0.404502017166653
-0.661126797415087
0.165014662227754
0.0806497268185528
0.101353373600881
0.269115365008769
~
-0.820309837390689
-2.01188226147184
-0.775324619971787
-1.7015309089053
-0.666342261026629
-0.907821578628258
0.429287317493325
-0.658485684118249
0.193901212591843
0.0765143129336686
0.128208769012782
0.270992591078059
~
-0.810346683040468
-2.01762002216936
-0.769482437295744
-1.70626920415737
-0.659503862684733
-0.909702860461154
0.361672450141347
-0.540531242497746
0.162611721120017
0.179796000715588
0.0967574960689964
0.374753350809406
~
-0.813619556124726
-1.98579142844817
-0.76256084154219
-1.70966685691491
-0.653322760775535
-0.91269551098128
0.367557553563512
-0.547902457946531
0.174448523832367
0.173178270030758
0.108640817677163
0.367997323302621
~
-0.804964106024755
-1.9537564137807
-0.757801201430595
-1.68216737082127
-0.648590631013828
-0.898313535593162
0.360120020833572
-0.545124888776237
0.185154658704051
0.173127377542892
0.120166458050827
0.365520942463716
~
-0.801314755209098
-1.99494299319536
-0.761044417996364
-1.70000856795288
-0.647831217457795
-0.909878707916423
0.40705046117631
-0.618877648580256
0.23158155256462
0.106721669545633
0.165899642325523
0.301169589445346
~
-0.801929580548243
-1.98862264456719
-0.76250581462768
-1.71196850655774
-0.648177799682961
-0.920067756643102
0.509736968574975
-0.752663385289328
0.298158128794575
0.028951073911708
0.271480173860592
0.164059569540645
~
-0.807469493392916
-2.00661156791072
-0.767758314539697
-1.69127000546241
-0.647823106411384
-0.904247769723426
0.549252270622028
-0.797598531713397
0.375666363593558
-0.179421310718895
0.361674367535186
-0.10131131211246
~
-0.818230069932977
-2.05547712883915
-0.776740438946624
-1.73901344792694
-0.652200721793734
-0.942924380566134
0.56170206395366
-0.93084492007148
0.432600696918827
-0.727232458381761
0.432092418587501
-0.651272731716545
~
----
@age
-1.84549013386221
-0.371082243033274
-1.5431899308205
-0.415871474958314
-0.879623640117739
-0.716935533531128
0.881136094652684
-0.726542536422108
1.48871247998624
-0.474714853020256
1.84726103134366
-0.346850910100425
~
-1.78464520822531
-0.658662180661344
-1.5441474833856
-0.707832893379054
-0.881859832560737
-0.719077111737181
0.845750708395961
-0.770701784901242
1.49545386519176
-0.647966478322694
1.81328154754329
-0.595753897970741
~
-1.58843812691421
-1.17823484843236
-1.3600309296639
-1.15417526120099
-0.821878824450042
-0.828099702680505
0.798111070672428
-0.835764202412017
1.48887615629698
-1.0203147365747
1.69429560470052
-1.04513477094492
~
-1.15507112318672
-1.73214965254912
-1.04791636874505
-1.5188589274848
-0.753424515529005
-0.884848746468058
0.765535936214265
-0.882471047269588
1.22183148394709
-1.4210630562108
1.36486454655935
-1.58150756908991
~
-0.933056421804094
-2.06483934443115
-0.887816955043328
-1.77584457421197
-0.770535075656496
-0.939026403167659
0.670188220303162
-0.97911308888976
0.861278953832458
-1.77758461312228
0.907277443325378
-2.0743920494877
~
-0.835699061140721
-2.02466963214376
-0.818481404690427
-1.79741908300508
-0.741877954265813
-0.936317240138139
0.588295343397543
-0.967776411350113
0.573331565098614
-1.80482588107912
0.606673021154092
-2.10489660892042
~
-0.850108522227642
-2.04138445682944
-0.853443828995122
-1.79934901745789
-0.765601866565735
-0.933761834295509
0.529019339107436
-0.92101077737046
0.608632652425958
-1.86914758257018
0.635406270483563
-2.17528837771201
~
-0.950156800300451
-2.04604888651365
-0.873970281182472
-1.77841228203305
-0.762742345137337
-0.92110098485878
0.501069751989674
-0.898837216762093
0.618150319826737
-1.82961247160966
0.679491441688793
-2.12645423852003
~
-0.992672070303502
-2.00150739783063
-0.922930952801775
-1.73032558772895
-0.783130995361598
-0.898401957621754
0.523446658049623
-0.973577106526411
0.628990220685925
-1.83165560978571
0.711042623434272
-2.12365301078416
~
-1.00123099953583
-1.9334016664804
-0.937429055308795
-1.66651485911221
-0.781904834703462
-0.863555722263457
0.541497279917739
-1.01430184165409
0.664369649462171
-1.77430639483755
0.748249535082644
-2.06108653207585
~
-0.989215513511314
-1.90238744184044
-0.941221255138107
-1.64221408673989
-0.777552741952678
-0.8601858077315
0.550908835775386
-1.01190704429817
0.718703663878326
-1.73626448505143
0.767585050930428
-2.02615719348131
~
-0.935263215360629
-1.90862550110009
-0.906537410223029
-1.64313098058356
-0.764475783922418
-0.865686500662272
0.570116909296789
-1.00019407848195
0.744122295292295
-1.76665333783397
0.781829667765574
-2.05604340244957
~
-0.838261223716954
-1.89542163121036
-0.84402131453017
-1.65272566698539
-0.760886813619422
-0.861087509427074
0.575615463127864
-0.996040885146413
0.73868551903155
-1.75171066151163
0.780260824503004
-2.03633020962907
~
-0.747776881761099
-1.8473282450695
-0.770805185972001
-1.62020798775921
-0.716029101349327
-0.845088124925333
0.559812190100209
-0.982583603361101
0.697316979149561
-1.69815591188889
0.734731633217504
-1.96764769270801
~
-0.722777660144012
-1.83990656377111
-0.754366204015158
-1.60980002794523
-0.707041689826674
-0.847026236993893
0.547417352243408
-0.97559603319292
0.662810823499895
-1.69368419458048
0.680637690996995
-1.96108073202794
~
-0.718455796891138
-1.84226347372777
-0.744490929097835
-1.6063433319665
-0.689031008537537
-0.855590462897077
0.517440449641678
-0.970430931565343
0.588784754092614
-1.68708367548319
0.594835842331803
-1.95724101582658
~
-0.7516034793238
-1.88365383186944
-0.764842149395294
-1.6128341607974
-0.685793057449525
-0.862344654048166
0.499650914613969
-0.9603196229024
0.535401595118422
-1.69501152270961
0.522482483321255
-1.9617564183853
~
-0.820234474948925
-1.91253892370299
-0.813004952688235
-1.64085386849073
-0.691915794329405
-0.869327976176647
0.491816011298002
-0.951679401122139
0.479573092911752
-1.6729555418944
0.458588077047094
-1.94139127952135
~
-0.869476630920807
-1.93734599470703
-0.845048424139209
-1.66298113132104
-0.699116437355959
-0.876264982632416
0.486317112874662
-0.950594286689844
0.47007719240946
-1.68383932654409
0.430779482162294
-1.93002457583897
~
-0.90118425943493
-1.96097923190067
-0.868602050875344
-1.67791757258227
-0.703305133662527
-0.877969872262217
0.484335744858516
-0.949761710997639
0.474286703968238
-1.69295990609104
0.433996172337393
-1.9467579848558
~
-0.909162558616638
-1.97296565958555
-0.877107937272426
-1.69067753578485
-0.703190795092218
-0.879307525317485
0.480520052187056
-0.944597984391975
0.484761699425163
-1.709023936426
0.464850115689745
-1.98986898436153
~
-0.906977191767472
-1.98415943047836
-0.877055780194325
-1.70019450053416
-0.703771520514745
-0.878248213437927
0.48141780456245
-0.947122510249426
0.50210205274787
-1.73379186904392
0.495379540192948
-2.01675102306757
~
-0.898193307697857
-1.98326623921367
-0.873406546934733
-1.70006533868924
-0.702242276821026
-0.874689405489607
0.480524735963281
-0.946210339823342
0.513351730464259
-1.73194242525553
0.52272173504819
-2.01758302877115
~
-0.88623823522392
-1.97211134614596
-0.862588064560118
-1.69220537587764
-0.698372810329624
-0.86969562924444
0.475288132623413
-0.922482706778878
0.527052996549231
-1.73218552608006
0.541341198133853
-2.02041450610278
~
-0.872715759081068
-1.95774919286764
-0.85383027876369
-1.69278441321395
-0.692527873550825
-0.866011072031291
0.482547762974018
-0.918136330509174
0.540897703966131
-1.76154328312703
0.550282683199704
-2.04492576561749
~
-0.855285821854091
-1.9520908104147
-0.840555810169367
-1.68518423047285
-0.683619722017142
-0.864630579013435
0.487434802647856
-0.91925578541707
0.539179303232952
-1.72291074945775
0.551469560499163
-1.99962313377037
~
-0.838926187473869
-1.95367060203541
-0.828177309337932
-1.67825129204247
-0.676054504120151
-0.861665992921327
0.489078218360799
-0.904432607247915
0.546119033738677
-1.71068305122433
0.550832443000678
-1.99261918618056
~
-0.825703431948965
-1.9581859926736
-0.819799371469147
-1.68335241243456
-0.676850376250782
-0.868336681794771
0.484835540928692
-0.89529213689686
0.544143551509755
-1.67525178933835
0.538024799364288
-1.95383280638565
~
-0.802386095930245
-1.9626819036732
-0.797958479168696
-1.69049785635414
-0.66681863092309
-0.877754345600645
0.491641327336997
-0.87978308253675
0.552639838655813
-1.68213300793668
0.546447972868834
-1.95987385381584
~
-0.795145147546984
-1.9697145929431
-0.786794935069814
-1.69974670003828
-0.668398574660765
-0.890670484493534
0.499427015962586
-0.876817033166496
0.537820987682069
-1.77244109262609
0.561776582031022
-2.05412139836098
~
-0.78153942487112
-1.95449234419532
-0.775373181241101
-1.68393979346511
-0.668042970070216
-0.889009361738484
0.501627749701967
-0.888937668913037
0.542033540726636
-1.71096431549132
0.56199992654942
-1.99029520742506
~
-0.769409089073604
-1.9745297498121
-0.76367877732675
-1.69720021453559
-0.665731923652409
-0.899846973149337
0.527563992456488
-0.897749080139196
0.575084012167864
-1.72217344638759
0.599735114316009
-2.00961295181224
~
-0.759623401374059
-1.97976808965635
-0.759603561910479
-1.70177576482765
-0.660233679365465
-0.899738232022025
0.53354985869703
-0.893458301321109
0.5902940867065
-1.71659887274263
0.614931845298738
-2.0055167514736
~
----
@what
-1.58944657095297
0.625690860276166
-1.52290631605994
0.41689881659412
-1.19037961981972
-0.207196379009481
1.22664286285296
-0.17148234272943
1.49685450181677
0.471220937998858
1.53837297794893
0.76758284597854
~
-1.58895489509609
0.625528997744147
-1.52415938662207
0.4206679455212
-1.19892043247563
-0.208158440421494
1.22582848109908
-0.17448864386009
1.56569056673752
0.653079222057624
1.77482280799172
0.797502384657257
~
-1.58799756514581
0.623881037147631
-1.56908272556893
0.434599030475388
-1.19078753224789
-0.206745559075371
1.22348914714739
-0.175490516610807
1.51167550634648
0.492811084914687
1.77192589266104
0.786916066183725
~
-1.58822152903629
0.623714900877468
-1.56878067610722
0.442972844626487
-1.18051609922601
-0.205242607483546
1.25045471235498
-0.161702998503439
1.47998135581142
0.500963967696174
1.46713457052725
0.609877752834895
~
-1.59162985719924
0.640964990907065
-1.53621549433737
0.422624674601099
-1.20007567998127
-0.206543329670151
1.21934010903513
-0.185038199158311
1.50948109277491
0.477286135779731
1.77188056574985
0.79430509706267
~
-1.58727964280203
0.621991359427978
-1.52536135132275
0.415811045445086
-1.18261448041265
-0.203789546133429
1.24367060726604
-0.170834762459116
1.49942098979825
0.481872204521444
1.77254450923952
0.791551504100453
~
-1.58607125244504
0.621141012979594
-1.52280632277007
0.420822072785811
-1.19346158411314
-0.204803849083944
1.2510496547877
-0.168811527792568
1.49484011114184
0.488021989337091
1.76924459613777
0.78700998961694
~
-1.58415204012651
0.620818685509073
-1.52031036710261
0.423387971147375
-1.20157210549374
-0.206850595553338
1.25009117939369
-0.167085963403833
1.57022071771215
0.654838293349033
1.76589053767528
0.784473403689456
~
-1.58293587941995
0.620888227469132
-1.51758906824886
0.421919405221648
-1.19825294090653
-0.206846117330267
1.23847935638189
-0.219218330109862
1.48145455002174
0.436936230645652
1.67455778154903
0.728813291596837
~
-1.58095326320468
0.619565956338941
-1.5157020473403
0.421634745547696
-1.1979274593683
-0.205914320486925
1.22753356984302
-0.242703524370368
1.5546791151744
0.624077950750657
1.65606605941813
0.717663014991146
~
-1.58077619954274
0.619847097787673
-1.51652240723397
0.424777096721282
-1.20376198879576
-0.205283133939156
1.2305149121526
-0.231383562471361
1.4685765896749
0.426276563724122
1.68234575776675
0.720730318314248
~
-1.58072373009946
0.620820662391063
-1.51554236951517
0.423395522567177
-1.20147738245933
-0.205945696809703
1.22458460020525
-0.238034745727587
1.46648558573868
0.417195556859894
1.6814294525557
0.715921581740264
~
-1.58123741534271
0.621308295868052
-1.51244825000536
0.416870769137883
-1.18734319749771
-0.206826732499361
1.24444103568837
-0.19579753441652
1.56339261592392
0.623646699031256
1.73064454215531
0.745280851661143
~
-1.577358640025
0.619276661552939
-1.51022731039311
0.417189644987656
-1.18599599192871
-0.205635940276562
1.24481273505362
-0.192251228505065
1.55096508693081
0.597903036558065
1.73254447216684
0.746223123659756
~
-1.57767576433692
0.619272132982337
-1.51171131735241
0.421592591419523
-1.19280346982885
-0.205000303855195
1.22075039196646
-0.219551055054856
1.55681231735519
0.609839644927134
1.71751446784204
0.742020734263611
~
-1.58032020973002
0.620931634701736
-1.51420379953269
0.425333887748116
-1.20182976265606
-0.204984815755789
1.22244798084752
-0.194131373449559
1.51367150727535
0.474087640874979
1.69238373151817
0.695973610061842
~
-1.58145523156338
0.622187948340785
-1.51255397206684
0.42254283341789
-1.19170569546818
-0.20231054061749
1.22303992435222
-0.185376245740183
1.50677447366799
0.448347311973094
1.46383537265221
0.602169264798904
~
-1.5857406650519
0.625515037570148
-1.51511623272463
0.42329415921936
-1.19094376783596
-0.201806424996695
1.24180806363864
-0.203014084674066
1.56217408771033
0.634462625570712
1.70895454930052
0.753471900965003
~
-1.58829097354281
0.627771810219559
-1.51636894567773
0.423049803312978
-1.18231986708837
-0.198484677519322
1.25489760942509
-0.186929002643271
1.51627292132454
0.486369835631311
1.73388154530495
0.761984506350992
~
-1.59452668707042
0.631102809761254
-1.5244815984022
0.433227614103801
-1.20604267258718
-0.200034095303159
1.2481468221005
-0.231417297505808
1.51929111947263
0.48442802321182
1.68632512045356
0.733106266140095
~
-1.59493325572004
0.633766323357906
-1.52304425903507
0.432949116151984
-1.20006407368284
-0.198573778647899
1.25768939284797
-0.199755874840748
1.48845752550645
0.466645643934077
1.53796791621669
0.762699343057838
~
-1.59487946112076
0.637372294432656
-1.51911867991448
0.433214251599456
-1.19131377051922
-0.194868843984312
1.22144062709529
-0.202233971362805
1.55544867330591
0.608029537281325
1.7562966256985
0.768030871150625
~
-1.60754074224391
0.663223687034181
-1.51650422746611
0.435212232545321
-1.18968371906568
-0.193270558662728
1.23088743969587
-0.232893607069535
1.52122769634386
0.498776024115207
1.66998579502698
0.726753211891226
~
-1.60941428177496
0.665808622187192
-1.51615945611987
0.433888421846098
-1.18701394485711
-0.19463731348156
1.23413139650369
-0.239388560885127
1.52385308161743
0.498502547534215
1.67161234928174
0.727352707602135
~
-1.61506266784153
0.67037202167298
-1.51833113756675
0.433303258400321
-1.18575695395686
-0.195337503418198
1.23831528275514
-0.235598598357582
1.57133946113166
0.624775121550428
1.68488803351443
0.729673901595211
~
-1.70098958053498
0.677721506184082
-1.51782428031294
0.433263474551127
-1.18555670030689
-0.194945809563001
1.25241001035024
-0.19654554201142
1.52908028195064
0.509674287367889
1.73763858013635
0.759272772632743
~
-1.74986324968165
0.632747800927056
-1.51789541936478
0.433486620534257
-1.18770962429992
-0.195631735623103
1.25567064438296
-0.192995448606423
1.5330951011028
0.51759032170728
1.74263709425351
0.761550934711403
~
-1.7352630394078
0.654787986007451
-1.52010079383286
0.41914354315455
-1.18405272992629
-0.207106730911459
1.2274080257652
-0.250012472979979
1.54124694868571
0.474076161968301
1.71405914911364
0.681498749165843
~
-1.63006533543642
0.52512419082611
-1.59112453174488
0.384190051570116
-1.15505575664872
-0.305632261896549
1.21611227605601
-0.268972280059433
1.57931208901196
0.310058541143081
1.76980818208788
0.609130586780762
~
-1.84803570873685
0.298040674749006
-1.65147092340302
0.0843280179202254
-1.15236139702395
-0.464023328272691
1.14562435263505
-0.469198577426539
1.62045400864343
0.072252028064194
1.81363340129858
0.270412988988247
~
-1.90263153764318
-0.142941847760151
-1.72766113161015
-0.258763349429688
-1.05345390490119
-0.646117702400344
1.05527778005444
-0.663571742389573
1.60369845237385
-0.338774343450208
1.84981272742289
-0.185966300356313
~
-1.8890619412218
-0.736882852793065
-1.64546688810194
-0.822190892630981
-0.843304194973359
-0.794543540840267
0.95995740974095
-0.775161981272086
1.57743462439345
-0.775300306763561
1.8611288896218
-0.747189060813389
~
-1.72967676954234
-1.34280970873978
-1.45213632048557
-1.28503886057407
-0.815383648070329
-0.877160452696538
0.874834392327248
-0.852000269888077
1.50391747243353
-1.19020982020463
1.76113073791926
-1.34756124986664
~
----