@What
-1.2174318777515
0.443482815337709
-1.16495331045093
0.210970038597496
-0.95988749148709
-0.310955024605672
0.987428601832664
-0.186091752001883
1.11344547320969
0.35950208526639
1.14026401182964
0.508343404084485
~
-1.22069075441746
0.456760923321963
-1.16794329742473
0.224667351972027
-0.975254027028635
-0.300397933601635
0.996913357314583
-0.187897414425086
1.20863292271895
0.500517172071722
1.22296463350921
0.650520695490178
~
-1.2269455720451
0.471160777310216
-1.17284954391486
0.239675539422061
-0.976995827734191
-0.283570725529078
0.980897536962269
-0.186992937750672
1.18966707102292
0.505515753737104
1.2923060662929
0.606823639767899
~
-1.22491470800776
0.462760851770274
-1.16987760478973
0.231582889019564
-0.973397842843904
-0.291184801200064
0.983180189457384
-0.183961016091715
1.15669123959582
0.460731850059111
1.25995897906271
0.654801995826362
~
-1.23753221636047
0.47182625410052
-1.17331190830085
0.244062350871384
-0.986150835596222
-0.281631820790001
0.990515769235354
-0.186534447020069
1.11568085866719
0.377640407287522
1.21839682763844
0.574092927480649
~
-1.23577391488094
0.471096949947861
-1.17508698511191
0.241760163522391
-0.978033728413352
-0.280995373992707
0.992400536156152
-0.188765129332406
1.20402761715637
0.498113796113845
1.30217916141342
0.636319292360407
~
-1.23314486557754
0.471565934632147
-1.17539874318699
0.24103198198938
-0.974935508075558
-0.281180159574709
0.970511278262889
-0.187951213446282
1.15480620527429
0.462145664896009
1.26200955654984
0.646785468690346
~
-1.23851213182735
0.49021139299127
-1.17920673660898
0.259043579379506
-0.984110308967037
-0.265218812186648
0.984112564156352
-0.190358799353727
1.1556187675305
0.463564390722633
1.26294710805553
0.646044659981223
~
-1.22560042764782
0.474065184602279
-1.16227533099307
0.244855040275974
-0.970945582623268
-0.280638871292746
0.990398857840826
-0.191702111760694
1.15558927786533
0.465852699666284
1.23904620871609
0.604173999975201
~
-1.22471599002299
0.480004010686598
-1.16423478172971
0.249635228070961
-0.972938577822736
-0.275833940748005
0.994403507896382
-0.189926590147954
1.13285175146848
0.436426344307111
1.24496405360782
0.612296935096299
~
-1.22417680488523
0.506121197952008
-1.15928904486751
0.278607073405212
-0.99618355307902
-0.255756279803796
1.00890298287592
-0.196217795230447
1.13963355835368
0.449653721922494
1.2489492535797
0.621738339651492
~
-1.23825165590353
0.515634717782141
-1.17558543231371
0.285302013456577
-1.00607258833912
-0.251323698323177
1.01291935134439
-0.191463693206043
1.11287928521425
0.396380895770343
1.22755197036566
0.588756620548773
~
-1.24106123865549
0.531104236897128
-1.18137861133378
0.299934931908035
-1.0062485776162
-0.234356264974235
1.01214420153098
-0.19167198926904
1.1052195700711
0.384234547357594
1.22029889298772
0.575332742360254
~
-1.23526302381257
0.504004036497533
-1.17614997324466
0.272338993574437
-0.987525520197979
-0.258241267808863
1.01269879477976
-0.190021130451952
1.20275402338849
0.501663915126369
1.37396612457935
0.544793355660716
~
-1.23464261818871
0.51102013934951
-1.17748355348383
0.281475985438227
-0.993859844316899
-0.25014204360173
1.01167991183151
-0.190485343556657
1.205252378491
0.504346439982841
1.36197466724736
0.463416409171074
~
-1.22662352213748
0.503029994409127
-1.17224263933042
0.272105734486688
-0.985648847517638
-0.257702200044897
1.01495597467798
-0.193457036954617
1.15591496015545
0.467967860081512
1.26049144337373
0.641375847809799
~
-1.21815459297409
0.500716608111779
-1.16774369031455
0.268911048730587
-0.982658062927932
-0.259775872667305
1.02639576026022
-0.195941561133661
1.21172739801027
0.494558433566767
1.32207405139322
0.560693908420887
~
-1.22296484406987
0.520586410809931
-1.17357709472911
0.28819814341902
-0.991095304717636
-0.241173973651651
1.02186954268579
-0.195058261873315
1.20097631236246
0.499530787279785
1.26067859522602
0.731060470330819
~
-1.22423247536417
0.536584495333256
-1.17662131341639
0.303408067520738
-0.995776577623638
-0.226411153515251
0.985900147678829
-0.182751352544678
1.19751827485704
0.507618122691034
1.26805765058312
0.737741228502987
~
-1.21180692498765
0.528449768653972
-1.16478880333511
0.295536632559832
-1.00818469816737
-0.240427327350994
0.9893335643641
-0.187247161195954
1.15820336584442
0.486263294254443
1.25064044265628
0.62433713648452
~
-1.20920783348614
0.504126489349954
-1.16064241999673
0.272947602321373
-0.990778261908068
-0.259282285419603
1.0070676332368
-0.190819162268182
1.15728464767181
0.483690242702576
1.25325219063278
0.628489184203874
~
-1.20858838855186
0.495519542848432
-1.15816596042469
0.264604921737118
-0.981768996958703
-0.265479650833833
1.01340197003011
-0.195612783985679
1.15664674798203
0.482565928985261
1.25456248767466
0.628834956391485
~
-1.20749603019351
0.492011521124136
-1.15800281617174
0.259975753211031
-0.977116461565693
-0.268887094925522
1.01059026632084
-0.191489559671368
1.15756616116307
0.482425713628141
1.25711339219307
0.630918276695108
~
-1.20846220906628
0.506082287876795
-1.15982462916359
0.274193484954766
-0.983735802434954
-0.255887541078539
1.00512266167312
-0.191134149402918
1.15669760575737
0.477923191476597
1.25898100242707
0.632320231450995
~
-1.21265604674649
0.543464042418563
-1.1656178880979
0.311076171560095
-1.00857686261142
-0.223008253655072
1.00495388412589
-0.186451212730074
1.15629717908668
0.477775883444643
1.25895343717492
0.633203855916475
~
-1.20921127469772
0.537513129512601
-1.1618448910315
0.304786078072841
-1.01224776978802
-0.230699018616699
1.00233317368644
-0.187015082461114
1.11033242834708
0.383596940643367
1.22327141851362
0.572103871923556
~
-1.20993791808012
0.535399995750089
-1.16194157274732
0.303047598823443
-1.00903129038292
-0.231932988457386
1.00395345400434
-0.185573816049447
1.13761712789555
0.436565172467106
1.2519162740405
0.617166909510052
~
-1.21263819834825
0.534112307749915
-1.1691711893496
0.300756004016709
-1.00643199737493
-0.231795568509043
1.00207265399987
-0.185332384787139
1.14157122189871
0.447310937280501
1.25819234478064
0.627432626798704
~
-1.21595811838441
0.550261934207545
-1.17186510012062
0.316522640728006
-1.01795206631857
-0.218316724603265
1.00248969973893
-0.186286429632903
1.11676532429267
0.406291758968821
1.08269145009093
0.556952676812774
~
-1.21118516825249
0.548800352225918
-1.16925587630077
0.313981936204709
-1.01387743276996
-0.221393199225
1.00444842881378
-0.18570012887217
1.11776207434721
0.40472599332692
1.23728450387059
0.582177520184637
~
-1.20703698663421
0.547533506256371
-1.16832554488759
0.311938605149619
-1.0091235506939
-0.222706454878912
1.00803837521836
-0.187024627982312
1.11588914901328
0.401326428783267
1.15743801757023
0.54196887967435
~
-1.20893295306869
0.569270005122147
-1.17453349686473
0.334020659065184
-1.01575433356791
-0.201105609381691
1.01278489373857
-0.189067177430159
1.14023242011239
0.440787847947037
1.26489408651284
0.616928489966897
~
-1.20510122462904
0.557059733146226
-1.16731637800671
0.321309172772361
-1.01670345721259
-0.214824389990256
1.01028584249093
-0.188228989326669
1.14401740634072
0.448056735009684
1.26809505793644
0.62537675171522
~
----
@Hello
-0.562354792160515
-1.67149133356683
-0.55784576855473
-1.43910905850249
-0.542077788928994
-0.809881826711715
0.935527427681375
0.330000342601417
0.821577513658651
1.0336594168782
0.741359292441012
1.26055673256801
~
-0.532514185225934
-1.57248267483346
-0.532628563167768
-1.34914929443629
-0.517563703769992
-0.756778498344542
0.860334414987614
0.386992974964233
0.699731601498416
0.871184569558138
0.533436089786522
1.03406548684472
~
-0.571548147881342
-1.64177789143638
-0.567119675091485
-1.4071284108774
-0.546968025879687
-0.771964288310118
0.827706449693246
0.427026141675035
0.340153878295569
0.930148461922769
0.222712652643135
1.0673347056753
~
-0.57545481160941
-1.7134395211267
-0.570430302082821
-1.4695846592166
-0.549767088399571
-0.801809819253916
0.861016837914182
0.438029554740142
0.307855370839041
0.900572173056862
0.0202366995393235
1.17685014583972
~
-0.573531849121007
-1.72808928006691
-0.568910778681114
-1.48246541618186
-0.549458451874094
-0.818088182482443
0.552502454102555
0.457623808331113
0.125440550640257
0.944662605856941
-0.0363071597973332
1.14535583871479
~
-0.60789904138802
-1.84075057938785
-0.59816974477447
-1.64733492724996
-0.587163181030526
-0.882816439809846
0.593110541151735
0.537760588478982
0.192556864619067
1.02555915637128
0.0408414215899619
1.23124497543738
~
-0.608568198960749
-1.79415148849407
-0.598072615423512
-1.54181689316746
-0.575018257060148
-0.831232247711969
0.856929633161489
0.437539865421637
0.419554874594106
1.09856092248531
0.411840389286885
1.28641741057028
~
-0.603451192353379
-1.72561121644012
-0.593937633522866
-1.48005698489754
-0.575886750705854
-0.844539601702851
0.843973111379491
0.396325827645678
0.700626173651414
1.17107103167192
0.663568599523876
1.51634203110975
~
-0.60104679005716
-1.77402050061532
-0.594758131294752
-1.53108298997389
-0.565840986936275
-0.842117918559435
0.865403003888694
0.353734142035248
0.967506280787874
0.972292365450859
0.992180968879188
1.22027035669207
~
-0.601541314058079
-1.76145871368648
-0.593967936780751
-1.51903514573284
-0.564403976202532
-0.839215032327134
0.915442900274028
0.261782964347185
1.18258960111827
0.885813025210484
1.2867960227169
1.09918401730967
~
-0.598930563798244
-1.75275538492489
-0.591079083032441
-1.51128486861118
-0.563052878687874
-0.838313630838845
0.921516210312758
0.252558000061069
1.28393079786112
0.825095653973752
1.37417899227763
1.04833984173771
~
-0.603949306970857
-1.7774985373156
-0.595029883685034
-1.53542300430831
-0.564628496765551
-0.841507016412105
0.928382132116587
0.25184750089263
1.29402093407408
0.956400984740216
1.38162750173188
1.17000803076725
~
-0.602835101602703
-1.7583075938269
-0.594241953487518
-1.5174343458826
-0.562694750884901
-0.837757283312151
0.949368022874681
0.248211264062944
1.07693599725956
0.920326119730604
1.07324420117281
1.16337475617918
~
-0.59572522470419
-1.72252621457903
-0.587987039766106
-1.48528757166734
-0.5566919232416
-0.822048926020981
0.941400523686053
0.301241954391575
0.831337224197899
0.838044734643199
0.747196563922
1.06762448605204
~
-0.605314347173623
-1.68227229507998
-0.597242876422994
-1.44413988506512
-0.55718567480369
-0.775731633248482
0.906188531480541
0.359126142803001
0.44861949767828
0.938181779528325
0.347975785297661
1.1898066432444
~
-0.596522545778965
-1.69360830258611
-0.583836170372943
-1.4547742065522
-0.559632279044783
-0.801183897871004
0.905561723003404
0.417400519919604
0.545258980304173
0.733410677593106
0.520631814279192
0.866473831086494
~
-0.59176613772395
-1.67972056845942
-0.580177941942303
-1.44318572329794
-0.557787671883496
-0.806094201876518
0.881163851457873
0.470485740322581
0.307179762884626
0.708969125651403
-0.0767655040109846
0.848507781452499
~
-0.607037812604955
-1.71007300313959
-0.594518452637835
-1.46901147511312
-0.570964057074483
-0.825003336950485
0.888357107820494
0.47260545659495
0.295238029990465
0.749523125140032
0.0622910960576559
0.844449785108942
~
-0.61382811967998
-1.76710435636845
-0.610017483394012
-1.59999984702824
-0.601224880993055
-0.842094793584326
0.879013302342063
0.447725597022339
0.348892640169251
0.956917429751279
0.283072578680935
1.12825547688485
~
-0.558590531401122
-1.65411333199795
-0.55443341917063
-1.42785484924052
-0.537176550433846
-0.756691575519543
0.861975362568278
0.340307117130916
0.756699813761962
0.829383063404078
0.678611158954269
1.05289077002837
~
-0.569326688364351
-1.68587078766439
-0.564257158617304
-1.45427470100243
-0.543400481701609
-0.770442664967135
0.884346986186406
0.269971721519403
0.956449649646421
0.898359001690625
0.969311697177001
1.13391196627139
~
-0.579750795676215
-1.70921247948156
-0.572795623100193
-1.47404552245224
-0.549914945814032
-0.7837158966333
0.898178110504798
0.254678004906853
1.24604157897035
0.949028518268614
1.31655020978488
1.10300081856717
~
-0.586411036829405
-1.72671882952788
-0.577986956568942
-1.48868233347875
-0.555973074271538
-0.825288804224104
0.913563658938449
0.247662282981137
1.30184216825348
0.929236128646324
1.39914355060709
1.13443480008025
~
-0.597238806805081
-1.73658953016825
-0.586047004018572
-1.49680696410955
-0.560160292905865
-0.830284032223579
0.919352951509657
0.253011018621088
1.1644752979678
0.836845697366289
1.26999345465622
1.04466154935633
~
-0.607107845970962
-1.75899775809857
-0.595368212800892
-1.51850248710752
-0.562913727644592
-0.830379311463969
0.932317952388852
0.261763285876011
0.962267944324037
0.970874610011932
0.94725523545803
1.20995557831516
~
-0.58089524784827
-1.69097769780273
-0.573067343635173
-1.46046350395718
-0.541258820191184
-0.788015499900092
0.912037541480079
0.311242139235513
0.610467046631886
0.920960871888372
0.490860185237799
1.12651281088532
~
-0.577277674611412
-1.59438787928634
-0.56534706417186
-1.36590811572208
-0.543154048993094
-0.746333515027783
0.89998820741162
0.325955992992155
0.381594487466464
0.778137488605426
0.239528290428853
0.878378297354375
~
-0.594910029204067
-1.62676024983971
-0.581863199360263
-1.3938113484796
-0.556674721454086
-0.761902144208974
0.90655311307517
0.358655695632806
0.302616313031652
0.684827483723751
0.0579613178679978
0.823795654782582
~
-0.605016977930888
-1.65924933121845
-0.590975917783129
-1.42258312123502
-0.567145831988372
-0.772515132557731
0.899437517318129
0.363967678677495
0.379848830439098
0.842853620652934
0.203375040119989
0.934873513586216
~
-0.557131279316847
-1.60770486495953
-0.55003809654827
-1.38362508364553
-0.532232967401851
-0.750835248758128
0.880141967297179
0.316297992557996
0.698511755212127
0.790921441479878
0.577937184831351
0.989384606255349
~
-0.570452622980144
-1.66269963013482
-0.562943850157688
-1.43212767019105
-0.539005599143544
-0.779264264780794
0.90862941379454
0.258371879602728
0.954889939973652
0.886383387956505
0.960249289305133
1.11998678923348
~
-0.565291171259671
-1.63670173289624
-0.560193938490625
-1.40455040037899
-0.536003923940839
-0.775841476382817
0.917331036209549
0.23007825651561
1.25741459534002
0.911322015759883
1.33798754837879
1.13000182898744
~
-0.565829262096461
-1.73272686191003
-0.557042194491782
-1.49682943352878
-0.543401389125905
-0.784454222931114
0.917685758840644
0.165451445082459
1.31207855440035
0.836483992575396
1.37908634918252
0.990026481885098
~
----
@Yes
-0.590722734327
-1.79021296109222
-0.580000788401831
-1.5346432657392
-0.565204344492128
-0.88292315914793
0.99187161232449
-0.255769341540088
0.909722185582911
0.58960009138304
0.784874048282391
0.620581146056661
~
-0.597898484489779
-1.79710608786282
-0.581704829065576
-1.54240446249923
-0.567365546873739
-0.878717340024502
0.993785570366313
-0.256264020105002
0.928355847173423
0.566471511694604
0.90654593944246
0.840716655512848
~
-0.598582507125637
-1.7950461106354
-0.582273578667111
-1.54135579822074
-0.571565100443309
-0.870828123502996
0.999628069609077
-0.239851747370537
0.93365683265296
0.558047166693303
0.911666411973376
0.824013471381249
~
-0.597407940146179
-1.7955239842126
-0.582852018496027
-1.54190606911468
-0.571665579850354
-0.873785869991428
1.00040934260536
-0.240403834066905
0.964817791860452
0.44114359221227
0.907837823626855
0.631165188239979
~
-0.597345461208199
-1.79644940967424
-0.583473509710438
-1.54361331390465
-0.571304777279748
-0.873186343249014
1.00037822919565
-0.240026498309554
0.938376438296479
0.453563800009102
0.879590138314291
0.641243084763233
~
-0.602114891677398
-1.79473910479643
-0.583560016805556
-1.54113597854925
-0.572342846796624
-0.873831764190027
0.995927880311179
-0.230279184393184
0.909715964513601
0.448939650922807
0.870316848045187
0.638224080625058
~
-0.602875008396939
-1.79634958188419
-0.58476989296705
-1.54194873728037
-0.573561085691535
-0.87318048749916
0.995258839328829
-0.244023489324988
0.861120365790453
0.579838135849857
0.816407545456147
0.854458677574806
~
-0.602014343996625
-1.79963382932832
-0.585014483297526
-1.54501901189206
-0.574197785562341
-0.876169120425859
0.995171688064955
-0.249282239427955
0.878320507439631
0.588097116995951
0.716194771131547
0.607069478011992
~
-0.601650065190497
-1.79941396301403
-0.583146772896931
-1.54471165299646
-0.574499020363596
-0.877711351237396
0.996440864440113
-0.247758110080027
0.902704205942221
0.571349619150177
0.871458653109591
0.844385545607118
~
-0.600598256761218
-1.79663553235579
-0.581608056374079
-1.54205827962813
-0.57311585810065
-0.877720647950985
0.996387041009001
-0.245588789362904
0.912711746130735
0.498940724022166
0.884819989522149
0.747117261887197
~
-0.598601798644714
-1.79227159446628
-0.581937043282529
-1.537778726513
-0.572308546857035
-0.880039497237621
0.991993954241509
-0.23898577762774
0.897646691760334
0.467272011753185
0.866197595931547
0.702691224869791
~
-0.599141819272281
-1.79430059890791
-0.580989992571309
-1.53932203266067
-0.571048311612368
-0.876825114852203
0.988471771451913
-0.245286949354585
0.880323753668236
0.529978875505126
0.844274431041353
0.788400800490687
~
-0.604081762483921
-1.79323397295469
-0.580187168138542
-1.53687280356069
-0.571592998605288
-0.87916619256576
0.983699836997503
-0.252898438785787
0.874081232032763
0.535730009450909
0.837541697044517
0.798606158863141
~
-0.599780088930733
-1.79179815314886
-0.577365308602499
-1.53538117018006
-0.571978072108472
-0.879119192622308
0.97821887084501
-0.258536427612028
0.859934397424081
0.556063442975754
0.820506231308392
0.827596733171681
~
-0.600715168223404
-1.79086607309299
-0.577316361785075
-1.53479326748281
-0.571836046264637
-0.879249124670374
0.976042383156166
-0.259537227335441
0.864932553204914
0.564688326973298
0.827895939066463
0.839430111934341
~
-0.59600764832749
-1.79263668419233
-0.577675625893346
-1.5354133454939
-0.572121396065861
-0.880925186760874
0.975678881986146
-0.248212174430696
0.925471392966365
0.376133120592934
0.969273193546674
0.412600250842443
~
-0.595276635802578
-1.79109357171012
-0.57888170653744
-1.53402919517583
-0.572218993668211
-0.882330681957313
0.974592789483669
-0.260124538875584
0.897681215494811
0.582100712739022
0.881217700948751
0.831875517926079
~
-0.601289325545374
-1.79177647102169
-0.579579387188259
-1.53504991201472
-0.572612452709793
-0.882702069378167
0.973639685968107
-0.262038099568465
0.890320923573262
0.581084486067278
0.862547994447462
0.862125314635788
~
-0.601059981958341
-1.79107999505634
-0.579828602188231
-1.53418951579235
-0.574092320322534
-0.876234016289467
0.972032056260335
-0.26617995133706
0.873293101053352
0.576641313855892
0.840380124314035
0.857581785564936
~
-0.596295145005517
-1.79000536717388
-0.580156804184061
-1.53367557620065
-0.571209483795237
-0.880993639197416
0.965214169412857
-0.270853653409573
0.845857844420906
0.568769904291402
0.806072398594759
0.848644423525061
~
-0.596137910293878
-1.78946280054519
-0.582016484337662
-1.53338311123751
-0.572275899171907
-0.881246713686395
0.955022880239886
-0.282477594171372
0.80412063197461
0.542887026281593
0.633007031621782
0.534153815720334
~
-0.594644514970276
-1.79513448972234
-0.580722055769071
-1.53857217733875
-0.572301914552134
-0.881804609609684
0.953739919611336
-0.278907360807663
0.873081946067948
0.343377545416428
0.827496153825189
0.600987504419924
~
-0.59549300000173
-1.79895116999149
-0.582099204644006
-1.54148971454109
-0.573083867360879
-0.882049409866047
0.954498884855186
-0.274131568748621
0.872170651971535
0.348442745989596
0.824942214583593
0.605137738757928
~
-0.608546847265592
-1.81602261808911
-0.595804597664564
-1.5558022123055
-0.585263398837033
-0.89195400859728
0.959190852577587
-0.273507710225632
0.868007121489288
0.354006040593401
0.790512634866995
0.599091112766297
~
-0.622846287493817
-1.83210331413596
-0.605846301422785
-1.56941921660655
-0.595218286137064
-0.900004713123907
0.962494613466746
-0.272796605230566
0.857920221387453
0.356235543607733
0.782561898210812
0.615366540645652
~
-0.627381449893194
-1.84014135823701
-0.611543388965427
-1.57650636137801
-0.599567231893762
-0.905435201619709
0.964184388397419
-0.273846459193703
0.857050212833995
0.356420351440433
0.786505974229671
0.621584934964109
~
-0.616604022619358
-1.8223817980952
-0.601048983874508
-1.56151992795071
-0.591488329879597
-0.898470422996362
0.958657605347007
-0.272256388451622
0.853678977495568
0.354775328926351
0.787786838897724
0.618304508746328
~
-0.61303117808914
-1.81393014125913
-0.600062901774523
-1.5536903155736
-0.589729931873901
-0.897210856235839
0.957530385961278
-0.270151700625566
0.868384185235131
0.359660196474758
0.809481663222545
0.621321094202997
~
-0.609647391309391
-1.80994342688876
-0.596414027881695
-1.54981350065773
-0.588400692720416
-0.895740658898486
0.958863360767114
-0.262584366400432
0.894785383719675
0.36873781089357
0.839401886440064
0.627114099925226
~
-0.609952085627977
-1.80885222077753
-0.593796048825324
-1.55004673402537
-0.585326130707432
-0.890273595923639
0.959125121025122
-0.258509859040126
0.899329357949619
0.372322441153826
0.857606418387567
0.636934623307282
~
-0.610010163388984
-1.8058211937703
-0.592834678624392
-1.54697796347355
-0.584924706442198
-0.885955542344417
0.958559118404993
-0.256529950327693
0.884159481540259
0.566655810942554
0.871932968582403
0.546856397335794
~
-0.606908538507576
-1.80044587446937
-0.590103984470184
-1.54256588563911
-0.582765025645996
-0.882472034522315
0.956624761026497
-0.256390384509093
0.896636240113451
0.37015970834925
0.876043279285523
0.525040806214214
~
-0.60490898838396
-1.80056096582081
-0.589093242690952
-1.54300710924906
-0.580424396370469
-0.879701615302742
0.9558847738304
-0.255002100931614
0.893816873050798
0.370104748635038
0.874635102049869
0.527791455913421
~
----
@Father
-0.724820286557312
-2.1150182920424
-0.702250015607585
-1.79122959783469
-0.645231276634491
-1.03844171980957
0.699289493981612
0.142181619933247
0.370212759278211
0.866496866272302
0.339644370480884
1.16384724716083
~
-0.734753195049868
-2.13846583812865
-0.709837953160193
-1.81118256894972
-0.651572137450048
-1.05133530321482
0.70378378537341
0.144608114659242
0.302373070249209
1.09105114940001
0.187093512172681
1.59061606283898
~
-0.747388490805445
-2.21514312082186
-0.72558066310614
-1.87646299964244
-0.65930620398326
-1.08741486501993
0.745442992234742
0.149887241342521
0.326566382500219
1.13257437182919
0.213433050166433
1.63475051837088
~
-0.750608833191459
-2.23589272265301
-0.72727673549961
-1.89462782314098
-0.662005566709009
-1.09680043295577
0.757170151703115
0.1507041763531
0.325487476529055
1.14140654325296
0.217077626163663
1.63100894156521
~
-0.802095970144777
-2.31116875858648
-0.777567852417634
-1.95742885487534
-0.710504609565698
-1.12743044342619
0.763244974303137
0.169142450590101
0.309141246742318
1.19717109711272
0.197908258689049
1.7002766802577
~
-0.774915326236631
-2.26942035703055
-0.749527726422561
-1.92252979196228
-0.684246544349989
-1.10748786412827
0.761957820004632
0.157639350131008
0.314893153891725
1.16586801312115
0.202552847169774
1.66608307579551
~
-0.749113197336656
-2.23741293337549
-0.733810753598431
-1.89764817714543
-0.654977214439651
-1.0973707346585
0.7567071460195
0.142460698151571
0.319660602790331
1.12910990516298
0.20766646183477
1.62344186521423
~
-0.738227329951716
-2.19914771616111
-0.724609164985271
-1.86443508381309
-0.643734092545278
-1.07754179190824
0.739385393866499
0.135893643114301
0.363432486474914
0.9717002079577
0.331638905662832
1.28096897914037
~
-0.736213385566919
-2.20033199537521
-0.72196551117946
-1.86530902212557
-0.641367258429762
-1.08242066847559
0.737788153146711
0.135625018341172
0.365036148131238
0.975128528838856
0.333216307806177
1.28465261235597
~
-0.741439916628795
-2.20454847412786
-0.72757422752091
-1.86803398380426
-0.649454953521196
-1.08353725655474
0.731271371989912
0.137822934435762
0.352424411682669
0.997003916786212
0.320555696776069
1.30700324420902
~
-0.737250256299848
-2.20423157659827
-0.723776293057675
-1.86785705977892
-0.648333654808358
-1.07810498295059
0.734152693639789
0.139122284809445
0.351891442669528
0.996154909090846
0.320030419032339
1.30607984790875
~
-0.738679345087952
-2.20172737728675
-0.72617319744127
-1.86649681159621
-0.648626017806482
-1.07354765218279
0.730308502896654
0.134203772123498
0.353558506972093
0.988112842619719
0.321788986882568
1.29714829369121
~
-0.735828474490707
-2.20421760523846
-0.722477106179234
-1.86872784497074
-0.645880543550542
-1.07344429537618
0.735207509992189
0.134793235849469
0.406963987424878
0.858654142130394
0.37516565876862
1.16796941664558
~
-0.774208130799244
-2.25953540829251
-0.760842597365221
-1.91324384741348
-0.682898811151345
-1.08655234684147
0.745721221999611
0.150749690893241
0.299794220377649
1.15150425148998
0.223482118935087
1.56833774520953
~
-0.748219562931253
-2.22749354178666
-0.735084576093345
-1.88778510458036
-0.658417597240936
-1.07653246064431
0.744503372078498
0.139449911332892
0.307110912349242
1.12283255527733
0.231842604272305
1.53317933204841
~
-0.758676142219146
-2.26121701565028
-0.746750670601545
-1.91645384647887
-0.668333364607046
-1.09091649489301
0.752211942398091
0.139561317471837
0.310247093030077
1.13518477221124
0.233608143482002
1.55174002787924
~
-0.759125062600506
-2.26229256043097
-0.746081755200549
-1.91833709972951
-0.663515886236541
-1.08401471162138
0.752140174901516
0.141301657265413
0.383265709237292
0.970676676294726
0.350636047708504
1.28807933908373
~
-0.761299838913931
-2.26724690689041
-0.748524634225131
-1.9218754652422
-0.670146238060431
-1.09031128029967
0.754063707574614
0.145789998768083
0.412109523624126
0.910162110322945
0.379348485412612
1.22884260220922
~
-0.762196451762059
-2.28248287091099
-0.748933583313549
-1.93402331103891
-0.670525180078633
-1.09639952784046
0.764120555480977
0.145416612023033
0.426548879316503
0.890430610498046
0.401783578020643
1.19332099940707
~
-0.735434814776219
-2.09549120411332
-0.723644495783719
-1.77112778469045
-0.653608611977711
-0.998673592945614
0.68418062384751
0.161795862312537
0.36657155025471
0.856227880062167
0.34578144957319
1.13351569395348
~
-0.729295528413303
-2.06269536831289
-0.715236734065688
-1.74097701796388
-0.650143034961579
-0.977010375051121
0.673346469371093
0.168823730993282
0.357555686289725
0.855159619699842
0.340483758182555
1.12203680763006
~
-0.715627459635109
-2.03388242578227
-0.703888147366794
-1.71759513835372
-0.637319718082566
-0.966364706800322
0.663360762803497
0.15989901229473
0.362571576060697
0.869460740809678
0.332667489058971
1.16035005735176
~
-0.713158879144317
-2.03286959926679
-0.697825134823213
-1.72036416708707
-0.635732286538225
-0.968484120018739
0.652234470985591
0.147021947828531
0.346403275189504
0.860710998699064
0.316839402250031
1.14829063255904
~
-0.71397021108509
-2.03643873778027
-0.698466745690734
-1.72364913386388
-0.637519430876077
-0.971404536446451
0.654176508259577
0.14920657651195
0.334594256169935
0.892904738907988
0.30498407229057
1.18093497355781
~
-0.7098320432847
-2.0355736436779
-0.690887604364232
-1.72237217844689
-0.637082335381904
-0.951053886454831
0.655918159969985
0.154305691774039
0.348886732640748
0.858588741657294
0.319251378558731
1.14686438039337
~
-0.712486237173522
-2.11661962873362
-0.691220900572254
-1.79578910377571
-0.639228427032607
-0.997132898186355
0.685253228452521
0.132396258552786
0.381973049674425
0.832062671297642
0.351597558962454
1.12753798372594
~
-0.710286332270638
-2.16115473020263
-0.681136762086434
-1.84097344075564
-0.641382682906586
-0.985330963557099
0.673669135091098
0.13673117576349
0.379919451128208
0.817368490087786
0.350884052202726
1.10781075608905
~
-0.71328920677342
-2.17529187786438
-0.683517515306707
-1.85479889566647
-0.643160212586044
-0.990628321331685
0.676575309663245
0.138240424968041
0.381474024007019
0.823778912926995
0.357057377235484
1.10466512930465
~
-0.715499817990812
-2.20408871593937
-0.689503332389171
-1.87943843075937
-0.643373743728778
-0.994815598361546
0.686830146871607
0.14480314607138
0.383985173379547
0.833881884214431
0.359204516710015
1.11783748256754
~
-0.708007428886411
-2.07988128775103
-0.684952558306044
-1.77364880957122
-0.639865205832941
-0.967316675206174
0.624806024205692
0.127005579343737
0.336641165095109
0.782584379543104
0.314919944893239
1.04839113918497
~
-0.700290532669963
-2.08343257028132
-0.678621508239582
-1.77870328586989
-0.634458746144201
-0.964411050761723
0.622942907246881
0.129842397118663
0.336643907344556
0.782271322632585
0.318557766774843
1.03843952474935
~
-0.703741642754428
-2.08720656130956
-0.677379680816954
-1.77670182289077
-0.637591342548236
-0.990044660415641
0.648549252450866
0.133613618577031
0.355596482638517
0.801872006877972
0.336330348989079
1.06578291418478
~
-0.708487345485065
-2.16882732727513
-0.678478614685817
-1.84945937607265
-0.640475802232109
-1.00961109999298
0.676596000584745
0.13701881711472
0.383491679179679
0.822740609940885
0.360026704925603
1.10096402249727
~
----
@Mother
-0.641995832893346
-1.88165245126539
-0.632223310696801
-1.60248274242723
-0.597797028442197
-0.837296999822027
0.688968338308151
-0.282388135909597
0.163093573521225
0.257634653035673
-0.0121979842368139
0.437642231919752
~
-0.641880458388343
-1.88465124718176
-0.632143715360003
-1.60540056840611
-0.597309961724333
-0.836376031960494
0.688312911114717
-0.281750394773728
0.163124048923914
0.257441419948461
-0.0119389051396867
0.437172024855857
~
-0.640458748643397
-1.85374688826199
-0.629090586113005
-1.57516035063037
-0.597497764077032
-0.836453719230394
0.687485651163737
-0.281958306803881
0.229296689578105
0.202231601752971
0.0765670183024036
0.363628185697116
~
-0.640183836493066
-1.8690217202586
-0.629500331659156
-1.59014799098182
-0.596723099965204
-0.836092488284215
0.686868258278723
-0.281505560487434
0.229908153734668
0.202982833502255
0.0775880840871862
0.364478999631615
~
-0.640286064412575
-1.87596552389709
-0.628725874496879
-1.59712118353572
-0.597229440597275
-0.835056567057828
0.686157567111043
-0.281536233575471
0.146358953490883
0.266693208886647
-0.0335739611878802
0.449436356374019
~
-0.640008029255131
-1.87996022886561
-0.629338645291199
-1.60144107418843
-0.597479280262527
-0.837510773837948
0.684203367714399
-0.281787669453062
0.231750962462037
0.214333732258699
0.0809335027333736
0.379707567584452
~
-0.640158765157681
-1.88204267477233
-0.629319861528853
-1.60363130194275
-0.597509546213818
-0.838057381562275
0.681950826704118
-0.282248392245007
0.230894987291212
0.214842286040454
0.0805430625357133
0.380539213547028
~
-0.640544774281521
-1.88100459388615
-0.629653872805089
-1.60316031288521
-0.598468368902445
-0.838076137015786
0.679803662697435
-0.285219843988038
0.231307793492528
0.212209324070053
0.0818091574096593
0.378019064108839
~
-0.640189129642852
-1.88035745761079
-0.628913907118226
-1.60310000381187
-0.598257733357647
-0.837493007827526
0.676971069368173
-0.286792743402071
0.230973619402011
0.210578382153475
0.0823078070761069
0.376368791974526
~
-0.640206922444628
-1.88034198526992
-0.628815672459422
-1.60321922532424
-0.598479292086824
-0.83720437458922
0.674850538100262
-0.288240987491398
0.230549321980986
0.209862054434179
0.0824488993028023
0.375896453657981
~
-0.636879910985018
-1.82628791959628
-0.623643436849565
-1.54995614525826
-0.596989546054952
-0.834444739776159
0.672285519993467
-0.295285037349639
0.220779723492992
0.19688111431638
0.0702777740540672
0.360936498205053
~
-0.637253000305235
-1.8413007167144
-0.624669926209396
-1.56554637618403
-0.596985301644068
-0.835261061144882
0.668557996063126
-0.306287350291289
0.177854044668851
0.154189299955754
0.0142860522524514
0.307681499468153
~
-0.635793395126485
-1.80977117308871
-0.625028891744647
-1.53441589026828
-0.59663817671071
-0.83483712057699
0.662182141514563
-0.334335116265461
0.193482446106072
0.144425283526644
0.0372492014114978
0.304012083457345
~
-0.635531575529437
-1.82158464338355
-0.626271975020893
-1.54849302984913
-0.594624759580752
-0.829748612486763
0.650043688496258
-0.342609928527901
0.197252151840566
0.148278620268868
0.0463216566861752
0.311908136534458
~
-0.634811785001749
-1.82125270736408
-0.626266806524121
-1.54843143072287
-0.594723922255005
-0.828055922954469
0.645125353180685
-0.346515156680816
0.201985666176505
0.154447031146964
0.0542724456992576
0.321434427089557
~
-0.633848907423853
-1.80001338739637
-0.626508399713127
-1.52789402075473
-0.593692162131336
-0.825938459941439
0.63734143565375
-0.348616398413922
0.200198948023813
0.154683978893493
0.0544847960935197
0.322450754348466
~
-0.633657760745806
-1.81295614416913
-0.624676996864052
-1.54143787556514
-0.593208504422692
-0.826009970810129
0.636874633562341
-0.351046506521789
0.201533386546524
0.152706464408475
0.0564196545009374
0.320624138344915
~
-0.634633340603973
-1.80132236540391
-0.626004277577325
-1.52943484706973
-0.594421176366869
-0.828079510298227
0.642474466228393
-0.355373453144145
0.204294086177916
0.148100347326186
0.0582339764993795
0.315924981492876
~
-0.635044154243636
-1.81381276515408
-0.625658639491252
-1.54230645009204
-0.594355884234882
-0.8264474831862
0.643130393913125
-0.355515266852265
0.20399655868928
0.146076754768377
0.0576185796298635
0.313274129293393
~
-0.635248847671167
-1.81946766230057
-0.625820325116652
-1.54764633074262
-0.5942208248659
-0.827972921335925
0.645031695238447
-0.357877565240937
0.206168926225324
0.145556549358697
0.0598813578216524
0.313367937905804
~
-0.633915281898985
-1.78532615971252
-0.624972099750328
-1.5135069943591
-0.593840268413942
-0.82866947424433
0.644190465401279
-0.358824791986327
0.20622694355125
0.144906250072077
0.0602391029345739
0.31281656341741
~
-0.63505607147337
-1.81029154181577
-0.628277320002916
-1.53940038621601
-0.593199117354416
-0.827993783331711
0.641734280199052
-0.361925255640922
0.205310311086934
0.141883395040081
0.0598356334932607
0.309819645890496
~
-0.635891258009792
-1.79379250996456
-0.628595059329767
-1.52327754941936
-0.593898676550238
-0.826441970476782
0.63978274516974
-0.365092601739498
0.206426113790151
0.141910763886985
0.0619738863563053
0.310911851814513
~
-0.636653853013066
-1.81875211743044
-0.629140782968196
-1.54815204432682
-0.593516108948458
-0.826369187724135
0.639661715965754
-0.368251199993725
0.207052734437627
0.138985178268795
0.0628497618050498
0.308063971022969
~
-0.636483063745055
-1.82257315050593
-0.628779345386923
-1.5519869940607
-0.593303051192761
-0.826301539421381
0.64071033750298
-0.36922291968158
0.207899647632546
0.138047716152491
0.0636294388933291
0.307137928097181
~
-0.634402977664135
-1.79174205160367
-0.628285724875692
-1.52238605694861
-0.591918251723773
-0.823791062260791
0.638697079119781
-0.36777668789388
0.20644522948773
0.137675113931263
0.062361288075807
0.30615901401127
~
-0.635191489365407
-1.81173591464067
-0.629598630884603
-1.5422912065797
-0.591953597807787
-0.825814677282461
0.637816726536905
-0.368021975845834
0.206596148393765
0.138567653796774
0.062855976847136
0.307430829809242
~
-0.633830259092031
-1.80986699242558
-0.62697976246654
-1.54229774507478
-0.590521008711811
-0.824329153695322
0.633644717635783
-0.366038959432545
0.202800615288506
0.138644433947779
0.0591858955196771
0.306872265494826
~
-0.633113245349644
-1.80394662658104
-0.625063976302306
-1.53618671280145
-0.589822657160807
-0.827336076054295
0.636976359993985
-0.366379876436103
0.203741722906165
0.138165078495439
0.0593301814391857
0.306346763970975
~
-0.634313108975031
-1.80514392048308
-0.625664962412346
-1.5365878076003
-0.592149938800965
-0.82720036921
0.637318204727455
-0.366080257896477
0.20391158131663
0.139678269434622
0.0594426962590973
0.308264479090881
~
-0.634963540117675
-1.8228535498382
-0.626064348633385
-1.55395777601326
-0.592103534595199
-0.828698191506836
0.63905501051529
-0.365776142851008
0.205080708235104
0.139933746709848
0.0604226032333081
0.30850367596293
~
-0.632873687523296
-1.80917003347354
-0.621412164381097
-1.54007764810657
-0.591536665759149
-0.828984040438376
0.6399765899959
-0.364563378519894
0.205633298677785
0.141110506603178
0.0608522164341649
0.309668468310869
~
-0.633191271964017
-1.81145469014863
-0.622791728422181
-1.54293296802556
-0.592243075626405
-0.826410860291701
0.637672602175729
-0.361953873301995
0.202474307677125
0.142164414454116
0.0574081883163633
0.310203877617451
~
----
@Live
-1.89271177885038
-0.397857576227977
-1.60970854432429
-0.452955121328533
-0.980506262614327
-0.583830028227748
1.05530261885823
-0.516937021625608
1.75684859295824
-0.167249143276087
1.97775549427319
-0.0899511165866253
~
-1.89590263429592
-0.396536699855021
-1.61331988720286
-0.452100791695594
-0.982957130196398
-0.581261330744275
1.05466386192695
-0.517786889315121
1.75665930729772
-0.16748028149302
1.97360978516461
-0.0910533470737423
~
-1.89239265670496
-0.394289040146283
-1.61061224215532
-0.450208621880904
-0.980670294853168
-0.579387406218875
1.0544409051506
-0.517249780498659
1.75567705539988
-0.167100266398811
1.99033287468929
-0.0878608529845888
~
-1.89017423362044
-0.393234805755989
-1.60898629738652
-0.449146468335239
-0.980139942402774
-0.579892452248706
1.05357816395791
-0.516932385470432
1.75699410574534
-0.167085612411451
1.99840808910572
-0.0880375499901932
~
-1.89482403424347
-0.392825548088965
-1.61364285052454
-0.450102375139132
-0.983555267148128
-0.58260295790195
1.05484987809327
-0.518339035017427
1.75954355868115
-0.167809531076387
1.98690259602683
-0.0909047216650392
~
-1.89653417367376
-0.396508540543809
-1.61578302759104
-0.459730844155641
-0.985376856243564
-0.581773427471348
1.05780098264432
-0.518017279642899
1.76143170765285
-0.167843250759492
1.98783235870156
-0.0908883602195297
~
-1.89308104268449
-0.391261407716314
-1.61267054565541
-0.45216938915282
-0.984144473944438
-0.58162296535751
1.05514568309746
-0.518949603535847
1.75927045474163
-0.16742802847514
1.98214733764801
-0.0912093308904786
~
-1.89281808898741
-0.386693284290791
-1.61311653223716
-0.445318432140945
-0.984343449791493
-0.580984432298181
1.05399512978843
-0.519252246333188
1.75781781115057
-0.167257686296084
1.97605914112593
-0.0921168531512639
~
-1.88973509739094
-0.379091429310252
-1.60987488665668
-0.436344230708965
-0.985433544855148
-0.577727443743903
1.05450899769815
-0.519527582618528
1.75712510033172
-0.166218250592784
1.97536925533497
-0.0919337870061031
~
-1.89510391782469
-0.381958436026984
-1.61658150396875
-0.442345230683155
-0.984967905811232
-0.575599480800969
1.05467889061783
-0.520167918122638
1.75783843614472
-0.16633483636948
1.97571659535654
-0.0918895591785065
~
-1.89222268615412
-0.379959270942772
-1.613736825178
-0.440043787976704
-0.98413171814705
-0.57562261843504
1.05381084272929
-0.520224171569286
1.75546254179055
-0.167087343048735
1.96728650600873
-0.093452517261999
~
-1.88952629352574
-0.375986817747084
-1.60988892273215
-0.431304967751203
-0.982436693254572
-0.57529430755038
1.05439378875403
-0.520937776156125
1.74999927128401
-0.169570901515089
1.98585469101425
-0.0922800744116759
~
-1.99528026643237
-0.392233326553558
-1.77947118576038
-0.381244056657014
-0.980580059558517
-0.573030117279602
1.05417688934044
-0.520978298978588
1.74943757421543
-0.174088172493277
2.01169457532412
-0.0937273519465293
~
-2.005801850065
-0.392780679691539
-1.78895193448943
-0.381598937720634
-0.987258870118883
-0.573691522374209
1.0549511697315
-0.52301368002654
1.75488796561573
-0.177143580474378
2.02208565293388
-0.0935688055387726
~
-2.0190146538807
-0.38663383348889
-1.80111252838784
-0.385075033652227
-0.989808452240669
-0.574605868122166
1.05496642520298
-0.522943064041469
1.75513276052649
-0.181007237113048
2.03207822506038
-0.095465973100414
~
-1.90907377531556
-0.38472435421647
-1.62938309648604
-0.449481756989121
-0.993366295920002
-0.576756396654857
1.05517766964456
-0.525169974191686
1.75661800765972
-0.184134392656786
2.03705903064368
-0.0966450393113919
~
-2.02193562463892
-0.387669424332778
-1.80318566608819
-0.389652760174062
-0.997687891662032
-0.577935250140897
1.05586027471587
-0.525631926412948
1.76422420125053
-0.184069482733719
2.0248376070368
-0.1031399731998
~
-2.02419766552615
-0.385840496449099
-1.80552979521528
-0.397697002159556
-0.99781739800517
-0.577975814996943
1.05579239142722
-0.527522957014547
1.76342961824101
-0.188099231802003
1.98134114763683
-0.120418071325281
~
-2.02143528540661
-0.39419711947294
-1.80274705498667
-0.396977418216996
-0.995796789815704
-0.579447072563142
1.05318718661504
-0.527406768140518
1.75750547688245
-0.191945308587384
1.99184176532821
-0.117859888173312
~
-1.92151424022981
-0.396355519664887
-1.63971373810764
-0.459221570688793
-0.999491448505654
-0.580207919389523
1.05475626523384
-0.52747045688444
1.76164058789215
-0.194497175737966
1.98816894914627
-0.121117394262435
~
-2.03470322403422
-0.412257261576715
-1.8171927739208
-0.393950517999213
-0.994720135603257
-0.579927125732974
1.05299804263042
-0.527214470588841
1.75900762382305
-0.195676452219561
1.97072437779668
-0.124759289333337
~
-2.01577002136205
-0.398552675360883
-1.79795227156106
-0.401120573829676
-0.991102432098212
-0.579233703139402
1.05139931321064
-0.526978771122427
1.75478560122214
-0.197715577181689
1.96208907329976
-0.126480493074197
~
-1.90781112668668
-0.396340818980869
-1.62619175887025
-0.454956347119122
-0.990369146512259
-0.579765867029645
1.04835294646713
-0.525190805736264
1.75640319136588
-0.198870583826368
1.96203687207317
-0.126604518953956
~
-1.91263421466867
-0.394982905979453
-1.6300651549037
-0.453232175245692
-0.993444238834694
-0.5808657669095
1.04943428477954
-0.52459087734656
1.76750541562044
-0.198170069894233
1.97736403965114
-0.128671684331124
~
-1.91643056674678
-0.388881643569255
-1.63330633220159
-0.438096145013205
-0.995490595827475
-0.581821161750446
1.04588587157257
-0.524669292401413
1.77214491697949
-0.198275351711112
1.97990394654198
-0.129704295858103
~
-1.91293469995877
-0.389666232201041
-1.62997486711435
-0.439876567960284
-0.992821175395111
-0.580501026735814
1.04185647727119
-0.524184179198973
1.77375005521369
-0.198264107724351
1.9813527671363
-0.130125098824823
~
-2.00326487361917
-0.413269969871426
-1.7863404480608
-0.390413987764097
-0.977216196491724
-0.576970895432085
1.04261244977403
-0.52382794212777
1.77630827226715
-0.198902764309762
1.98410428212588
-0.130783312454246
~
-2.01072210222732
-0.415812874819719
-1.79382676376973
-0.388441565924534
-0.979689994129327
-0.579500012035433
1.04446579563843
-0.523544442764599
1.77852027263701
-0.199510776231404
1.9858943892903
-0.129167565993331
~
-1.9073866172507
-0.394313952025944
-1.62304116102662
-0.444662665163689
-0.98206697627174
-0.580236453805493
1.04455909485591
-0.523178687316776
1.7758778507423
-0.200017104738092
1.9832572969945
-0.129961756956226
~
-1.90503939883297
-0.396293397472543
-1.62048741638929
-0.446965817301121
-0.979287933112144
-0.576390228578629
1.04403445762478
-0.522499431913311
1.77503192036729
-0.200390786321416
1.98216094250006
-0.130313270110994
~
-1.90450912905159
-0.397406060569196
-1.62049616167429
-0.449362382331349
-0.979206309582629
-0.5755506558807
1.04385663392161
-0.523150356069535
1.77110430121535
-0.202560063407449
1.97690969756456
-0.129600962131875
~
-1.89982135723597
-0.397097084575623
-1.61622901673209
-0.449297966929786
-0.977227538051114
-0.577600961237166
1.04307797309254
-0.52459165467184
1.76279353832116
-0.205522510179151
1.96775382086607
-0.131717231826295
~
-1.90059729907927
-0.397294199639654
-1.61700186418499
-0.450227251766429
-0.978163882463211
-0.577658998519798
1.04146720990322
-0.524609428426194
1.7577092103111
-0.20794675859506
1.96196264705036
-0.132448704356058
~
----
@Eat
-0.603217178866248
-1.71158104488539
-0.606590829447686
-1.45264168717433
-0.576938700755286
-0.84745226967732
0.624361850016737
-0.341202318527008
0.247138073983733
0.165545111208789
0.140790420708303
0.261896199779062
~
-0.601653899585205
-1.80416593212201
-0.583284842810923
-1.61203165945593
-0.576138494462753
-0.838779514469777
0.62200253117554
-0.34125218799144
0.243839469801707
0.165396434597421
0.137462156737148
0.261774548528795
~
-0.600943729360588
-1.80049812450906
-0.584001502448993
-1.6086051003673
-0.576460466558673
-0.85270259160241
0.621667728941616
-0.342670205561413
0.224102686042543
0.156357597395504
0.117883279229248
0.25259287777061
~
-0.598721481931271
-1.71876712714438
-0.594846629222126
-1.45852632210462
-0.57408224326681
-0.839125075970352
0.626808346809049
-0.348744936109382
0.216426647434285
0.141439921361117
0.110347051871302
0.237548566847575
~
-0.598092866449493
-1.73527292663716
-0.593809648544183
-1.47603731203385
-0.572855297662664
-0.832341048447415
0.627956343625862
-0.350093792500371
0.217830212896463
0.139963342830632
0.111791230096958
0.236035171601379
~
-0.597508331989088
-1.73195366949666
-0.594302293532687
-1.47274823092281
-0.57168994141448
-0.828701257895852
0.62679338845051
-0.350214247316774
0.21882169181381
0.140149659965788
0.112848223329436
0.236162111117564
~
-0.598035760492458
-1.70363855607866
-0.598193398241717
-1.44428795919385
-0.573268285535035
-0.842855178573495
0.623335651275807
-0.348063410512164
0.219416490608639
0.145650720296362
0.11338685455509
0.241714158496413
~
-0.599027321636992
-1.70463549609333
-0.600399074993476
-1.44476472888198
-0.573451810428983
-0.842910690639098
0.617770127796112
-0.341653203065321
0.217517283564378
0.154811092206773
0.111355287355131
0.250994518550258
~
-0.598482791119411
-1.72908673262442
-0.596655587237566
-1.46861442580613
-0.575816894247272
-0.864026121544075
0.622715309035815
-0.344175977132499
0.223766059134311
0.157155352283003
0.117159773142845
0.253741186829976
~
-0.600561910764747
-1.74426323160632
-0.600630772602357
-1.48270238817854
-0.576977427962538
-0.875939567904124
0.626877071425526
-0.349397003128025
0.232503486472433
0.14710246843137
0.125532231696007
0.244018937120195
~
-0.601927516096763
-1.74306093739495
-0.602892171580964
-1.48017134066408
-0.577676674577143
-0.871469839814353
0.628747738026326
-0.351704828809146
0.230570803579216
0.152516357368793
0.123185940943587
0.249807611725773
~
-0.60351781220491
-1.73418366853847
-0.60591970155978
-1.47172126231747
-0.577786718236346
-0.864066178551355
0.625665825997546
-0.350980384430129
0.23049070237955
0.154762585451198
0.123235318436485
0.251936394246962
~
-0.603746357083533
-1.71937819560539
-0.606465168000648
-1.45702678868416
-0.575427111798222
-0.850290675356647
0.614787454643148
-0.349259817139786
0.221104769463736
0.153831423439845
0.11400637653287
0.250863078513487
~
-0.604888348633913
-1.73505036124591
-0.608714459341534
-1.47286974040502
-0.574961891239439
-0.867749090750348
0.607757844696273
-0.347996273529198
0.217271727166527
0.155586637594967
0.110407893535586
0.252405775181673
~
-0.603875258216607
-1.72993787331474
-0.608966976067202
-1.46855431892792
-0.572017458779836
-0.864493131204779
0.606300493962487
-0.34746933323724
0.21946799058948
0.155980227928761
0.112907464538556
0.252524557974719
~
-0.598014149869602
-1.729811517274
-0.601850242464417
-1.47020439803425
-0.569404169536858
-0.86791785706895
0.604533045681818
-0.346454356462133
0.170737748866432
0.122813211407054
0.0644900733682481
0.219074107016323
~
-0.596803018813233
-1.72701431924213
-0.60081869544805
-1.46859093840617
-0.565746344715442
-0.866871710430472
0.605654304658927
-0.34917349594323
0.173188864302757
0.119088100073286
0.0672595082626407
0.215060545311102
~
-0.600015771529234
-1.73204566581246
-0.605070002744286
-1.47319991538647
-0.564535703234354
-0.869304161378454
0.558775045813091
-0.327366209056218
0.187857716593413
0.178119558024273
0.0818520876627344
0.27416118886885
~
-0.606469055491353
-1.74832210574099
-0.612370716373466
-1.48595527584787
-0.566966263715965
-0.877994095721828
0.567958383631446
-0.335522704326085
0.193290099326795
0.166982150127846
0.0865674307922427
0.263673463904184
~
-0.614648394114548
-1.76410730707828
-0.622696173521044
-1.49923205840602
-0.566260777114797
-0.883444718715059
0.573056184377552
-0.34030140370963
0.20381588872137
0.162250674570048
0.0960128483378089
0.259920841366567
~
-0.613355555823775
-1.85336058386081
-0.62501421080448
-1.60672028416698
-0.561691508530264
-0.879331607869689
0.576049132720027
-0.348910414235882
0.182827021542653
0.156126390169367
0.073315089597465
0.255344960342996
~
-0.619018453831521
-1.84921667341407
-0.623634251168493
-1.58433451172761
-0.567146121705265
-0.880878793367467
0.521105873488147
-0.324049216511524
0.233807455466202
0.194848897022806
0.122674394737552
0.295536169052497
~
-0.632445824939487
-1.8841310501397
-0.627427204128526
-1.60927188789424
-0.568069739381308
-0.921405998029727
0.539008487503674
-0.342018085435619
0.0875446482142526
0.117869826866334
-0.0258795570397318
0.220632851006588
~
-0.64526225099435
-1.89587288169632
-0.643412781182938
-1.61571211203566
-0.582754000587248
-0.958287417776026
0.515623596509222
-0.34276544578258
0.0576969601265856
0.0987601476850413
-0.0949452405806004
0.245935309853777
~
-0.667933183525496
-1.97058949045402
-0.657536991630467
-1.69257281440535
-0.593587372819924
-0.991532074441858
0.53548434047462
-0.370570074124895
0.042301325120265
0.0819419718747981
-0.076281916754698
0.18937917508184
~
-0.67815922673473
-1.98450931517487
-0.66436637237036
-1.7443564694862
-0.60131959819236
-1.02902711051057
0.572765205139923
-0.39678652871996
0.0486982033769378
0.0620413886423642
-0.0752709687429257
0.17435822136873
~
-0.676315178035776
-2.02967420574447
-0.662679707419853
-1.78426424738144
-0.61533462568471
-1.04863899583542
0.57467643572957
-0.417011537358818
0.028093373588651
0.049748727995237
-0.0991330018618485
0.165016441258644
~
-0.684530499771552
-2.10441237367612
-0.671186097405682
-1.85688438097029
-0.621602967006549
-1.05456132252985
0.474088342994272
-0.414186037310529
-0.0123522010742558
0.0954619743151907
-0.142012959452113
0.212935158702511
~
-0.691158057215971
-2.12281192798709
-0.677978999090961
-1.87357105845218
-0.622703369749548
-1.0710014532249
0.462615993570718
-0.408579065377039
-0.0575507044725491
0.101517027892457
-0.188265570768275
0.219945476464342
~
-0.689820171068575
-2.15874893444128
-0.676559625101213
-1.90596405799658
-0.625315439559714
-1.06776769742454
0.449279240867903
-0.429144835072054
-0.0598370729723325
0.0853454805778849
-0.192435195135625
0.20548000905052
~
-0.68066876264583
-2.15500462812446
-0.667670224461715
-1.90532366831147
-0.623630877422842
-1.05259288539727
0.42144349171507
-0.432467291807709
-0.0811651692909003
0.0938709952081187
-0.212143912076916
0.212538311516383
~
-0.73134677570318
-2.31582459610599
-0.692629897096788
-2.02982562827543
-0.627863078007199
-1.08772023043663
0.423178082225171
-0.449295961209273
-0.0753764747876656
0.107065657470944
-0.210896515864729
0.22984741869659
~
-0.727297849235199
-2.29710503442297
-0.678470463986317
-2.032763890098
-0.625323686568153
-1.07077742991772
0.368518012978951
-0.427528062067174
-0.120614987780745
0.123070257300198
-0.253395232255336
0.243369664168249
~
----
@Marriage
-0.0107705897174837
-0.724172442209803
-0.412600616350166
-0.765856415448477
-0.882837270663896
-0.506366705677108
0.840358778985137
-0.537418397804612
0.0799083810798418
-0.70026831529656
-0.0575145091171267
-0.70829872556525
~
-0.0117165119736949
-0.723518136032773
-0.40993485331592
-0.757274576258336
-0.882850132304937
-0.505726592211037
0.855148735247022
-0.531189517148302
0.0954228677747821
-0.694758639131306
-0.0854827758946901
-0.670672704626406
~
-0.0124919828939132
-0.723744106067813
-0.410929110856878
-0.755670783383623
-0.88340057889735
-0.505230321779951
0.852654182949033
-0.53213514013739
0.0909539852086671
-0.691336443942111
-0.0855978220374275
-0.66839378738114
~
-0.012297633440959
-0.72352804621615
-0.416805425559323
-0.77124201173041
-0.883226055609365
-0.504919381725015
0.850721491738167
-0.532272454300077
0.088865740627284
-0.689255021125982
-0.097808218328429
-0.632170661235921
~
-0.0118779686573943
-0.723210672186049
-0.516557787214153
-0.887712509805061
-0.882916910059555
-0.504476362651173
0.858623216859979
-0.529147456357319
0.0969935300453184
-0.685341319946975
-0.0714316028718664
-0.69138528612069
~
-0.0109942784319617
-0.723476140234845
-0.420785147081371
-0.790765988277667
-0.88199455887079
-0.5045393294388
0.858171217693043
-0.526881180420389
0.0983727588288006
-0.684143607879797
-0.0677558725526503
-0.692155877488069
~
-0.00911641899532135
-0.724369936239076
-0.415358858594533
-0.773073253762878
-0.881535568366109
-0.504480401211406
0.836107648441213
-0.534286719506011
0.0760074081290641
-0.689285652913522
-0.0549223699259581
-0.692577916197348
~
-0.00736121702910445
-0.724364556469036
-0.176794483957074
-0.691256931227758
-0.881906439349624
-0.504111108125855
0.858182646815449
-0.527369330297476
0.0982728850930664
-0.684696263450585
-0.0787723087400936
-0.635770260773218
~
-0.00747770159296785
-0.724598889704949
-0.182279708247596
-0.683695220147766
-0.882096154204203
-0.503983179691338
0.863287394549968
-0.524996949540584
0.104862656177303
-0.684020208469199
-0.0495631665653509
-0.696133041018132
~
-0.0069088867921141
-0.724837615150461
-0.179265390068611
-0.700892216854995
-0.883055348640276
-0.503762830059684
0.853613115196313
-0.534620048949233
0.0926987158052517
-0.68865684676353
-0.0794174963342764
-0.64329807434027
~
-0.00657016504921505
-0.725098390966794
-0.160822778534545
-0.719357573062997
-0.88251610534784
-0.503657200302392
0.849440428924362
-0.535644207556409
0.0886700933719738
-0.689685226410797
-0.0418947358310338
-0.698723742556936
~
-0.005862999459496
-0.725505864546534
-0.154042334470635
-0.715591758132235
-0.882848414936081
-0.503424466786351
0.845576072463871
-0.536086498271235
0.0872084014775238
-0.690118474040503
-0.0417775100892598
-0.699256647385928
~
-0.00554312457913954
-0.726558309559663
-0.16292255730739
-0.709938450475336
-0.883289386641477
-0.503257020862047
0.84757964921471
-0.535822838678475
0.0890896788914064
-0.690545724107103
-0.0463168909376849
-0.69943699193368
~
-0.00543463204979244
-0.726212363547796
-0.140184062627438
-0.704817951388067
-0.883674065193605
-0.502808234408161
0.843615890773538
-0.536710981974475
0.0851668887463827
-0.691242293556951
-0.0463190728590494
-0.698820310842435
~
-0.00609368683966144
-0.726539504826281
-0.151265771853362
-0.695394522988764
-0.883890257368564
-0.502529276791381
0.848995048479889
-0.533619279127517
0.0911888287808996
-0.689104549124161
-0.0437090799076824
-0.698512319942599
~
-0.00670797616996665
-0.726344385832173
-0.179636429595741
-0.679695566054914
-0.88402979966149
-0.502497278682
0.85468682742754
-0.526240975744114
0.098911933454392
-0.68645112385116
-0.0795438200414638
-0.661552049752484
~
-0.00728471665507388
-0.724709119321001
-0.174019932901996
-0.681119071461727
-0.883973273038452
-0.502628553313554
0.855798447817783
-0.525047666261948
0.098298029161333
-0.683101164969645
-0.0749739370667662
-0.649016147155032
~
-0.00710003068694862
-0.724446865205986
-0.411282814627998
-0.759176310667963
-0.883621134495001
-0.502571473657811
0.856801981257775
-0.526587398670683
0.0976096298468014
-0.681697507274699
-0.04173541210983
-0.697475987961547
~
-0.00595886306110845
-0.723130545243477
-0.409698453159458
-0.753116576846147
-0.883402719655995
-0.501967080980615
0.856866447513365
-0.524994924501304
0.36015760131582
-0.789971283060328
-0.0475879522818902
-0.696886268436697
~
-0.00609512463100785
-0.722134771732169
-0.162672939260968
-0.679169443191939
-0.883300543636637
-0.501925919938998
0.864055646277455
-0.526226432692893
0.102480576737515
-0.674913609054724
-0.155335601729619
-0.675939078100085
~
-0.00689863783015279
-0.721600468600949
-0.165813195372163
-0.680035166967347
-0.883929897365837
-0.501783563721926
0.866009909668704
-0.524504308226787
0.104178920599573
-0.673097659192242
-0.153708865117587
-0.674123443411658
~
-0.00761347237966707
-0.720625329050896
-0.165516214514622
-0.67538679498046
-0.88436380141405
-0.501249805855276
0.848434070873401
-0.531003485510828
0.0871615630930819
-0.678863469660017
-0.0612111297964995
-0.701266501038202
~
-0.00839023399627293
-0.719513736024281
-0.166056388962863
-0.675667380759209
-0.886684724682319
-0.499190416995232
0.853274468494553
-0.529370145232546
0.0910278680235035
-0.677784468874201
-0.0615045948937411
-0.700304840430253
~
-0.00726914219357593
-0.718294352027774
-0.166567886180444
-0.675436965209438
-0.887212131018303
-0.498580788823502
0.848637240912089
-0.53012495022022
0.0861430921232782
-0.676870542806688
-0.0907430571901807
-0.680386015481965
~
-0.00714003268375576
-0.7165078459038
-0.419199566716849
-0.752742813902087
-0.888964854495992
-0.49657630749095
0.856423455294504
-0.528093490261244
0.0930557101032568
-0.673102585527143
-0.0884334891835039
-0.65930095339396
~
-0.00786402495611207
-0.715370945230996
-0.420680839667477
-0.7522059046549
-0.89098652124407
-0.495124012112578
0.855507739077967
-0.529728125255444
0.0921573641809392
-0.6741919624092
-0.0683087656923244
-0.693426041144261
~
-0.00792415003840014
-0.71391056642373
-0.42080410981793
-0.749188375397101
-0.891886266020654
-0.494109286226561
0.85920530969161
-0.528346175179017
0.0947347568864799
-0.671813927900326
-0.0699590789907127
-0.692418662501815
~
-0.0100468514142936
-0.71136996235507
-0.419795335808702
-0.748631858899334
-0.89201352992333
-0.493904314765329
0.863515353682712
-0.528114594316883
0.0984614605953796
-0.670043125618226
-0.0622488361524515
-0.690083077129413
~
-0.0156488392488511
-0.70818630144472
-0.415397236425667
-0.755730133172291
-0.891685215216625
-0.493356399478891
0.863402742392297
-0.528162924305772
0.095879181052174
-0.66856033287765
-0.0635087915191937
-0.688789908051307
~
-0.0159298596183608
-0.707163504171506
-0.423622616690157
-0.761101491678052
-0.891747104429113
-0.49338989195274
0.863940722885867
-0.528536121863283
0.352414783540422
-0.766300485138386
0.18190613709194
-0.845555277141905
~
-0.015517472099491
-0.706356181958103
-0.522120300399592
-0.862816563931726
-0.892452995494634
-0.492722099907594
0.857895460144329
-0.528811178914704
0.0878703057385979
-0.655808480878512
-0.168804779680538
-0.698140914866448
~
-0.0148666981508972
-0.705479941758434
-0.423182370543486
-0.759735667351475
-0.892444206962955
-0.492437111828131
0.859291239952399
-0.527993370434204
0.091038933293524
-0.657962856806877
-0.165045185888257
-0.701286018931102
~
-0.0145578099906465
-0.705802711073555
-0.423491493560713
-0.757878956264107
-0.892147799372256
-0.49244811508787
0.85944386748568
-0.527388013894018
0.359001591338286
-0.785427443315376
0.192187490810237
-0.871440590695288
~
----
@Bicycle
-0.346014363206303
-0.311119209860904
-0.433098541461852
-0.268458156307231
-0.713861679087102
-0.639766371704776
0.888998081327757
-0.671442893632944
0.536762286672605
-0.856560207705988
0.431925521366076
-0.911657091478127
~
-0.410526763672715
-0.300005266147855
-0.469545237152596
-0.467892125469174
-0.708669670685906
-0.644155804380149
0.812395817200391
-0.555920580877843
0.323746329072039
-0.806950786325876
0.168521264948609
-0.792694686707769
~
-0.63223519898211
-1.07454170459549
-0.517636264269967
-0.893278528140089
-0.73290416333317
-0.594704280996936
0.74316005983216
-0.63288312854361
0.334120726282884
-0.496004968930874
0.179292841515604
-0.481785346852651
~
-0.510047669760682
-0.98660888260213
-0.540948988683567
-1.04669852704
-0.742166143401218
-0.576386635999039
0.772655205276969
-0.778282516514209
0.487447710963144
-0.467239051635048
0.40449757887742
-0.326968782136635
~
-0.619781104799809
-1.05772236162455
-0.497970600721943
-1.00100545078351
-0.762189661965198
-0.585990734852955
0.791012228226375
-0.868069093962863
0.568380554114668
-0.41496035373038
0.538511717061819
-0.28462673428425
~
-0.217668807103663
-0.579020581175465
-0.354091307419598
-0.578547361297817
-0.763358808367402
-0.577127648944298
0.767533487067443
-0.861645617440452
0.566485948239848
-0.516030565844008
0.554692724744891
-0.462786159610452
~
-0.266129583770117
-0.420925022700029
-0.395894290650101
-0.45771529947531
-0.785188411290053
-0.568086129801151
0.754737898662267
-0.672138664087875
0.488205042970185
-0.729354687267075
0.495065313247139
-0.607531932637175
~
-0.421600156802033
-0.316090041744292
-0.458397252896423
-0.379702806464451
-0.874270550799949
-0.70485360322215
0.75800705495692
-0.634542357190351
0.523734358818622
-1.03369826559351
0.350736887426112
-0.927711189999588
~
-0.509297661747552
-0.368384922582811
-0.495782884903857
-0.356101501460886
-0.76415311161813
-0.600020072786259
0.736437253424893
-0.646887110754365
0.298667602113226
-0.919062805158915
0.157105739172764
-0.927511408093868
~
-0.508951766546272
-0.61468712451057
-0.571065524397594
-0.738761776441048
-0.81119828787604
-0.748031273617143
0.69685309136576
-0.609536489706437
0.25855095237951
-0.879329622127172
0.116803190257955
-0.887789304965114
~
-0.633698837498715
-0.933753816766954
-0.593551923418609
-1.08220606369964
-0.785201719045286
-0.555643236830759
0.639307518079093
-0.729217543382341
0.403547864378341
-0.402987902183131
0.441672542634208
-0.211451648226809
~
-0.570747748220017
-1.12985256020786
-0.62222913170896
-1.08466935220255
-0.836629932447531
-0.535622875797983
0.640838077846648
-0.723902519985353
0.432828766618778
-0.387608009018083
0.438653600939593
-0.323746973186737
~
-0.501696678017681
-1.03941255582937
-0.558664033367381
-0.956313432869643
-0.860113451578863
-0.512899500754454
0.676682803982453
-0.728267904220381
0.486297320505227
-0.521139030764672
0.468961389382013
-0.446204027083919
~
-0.439955372307374
-0.720241936174991
-0.503002690651916
-0.648996057707956
-0.870465288420863
-0.495056903828116
0.74479870596965
-0.663899780810389
0.485626217718421
-0.762358300126737
0.472723259325212
-0.71666266930044
~
-0.428924098784038
-0.265223197666137
-0.455303988420515
-0.333168119853305
-0.760725367975083
-0.582926847376632
0.882510424159947
-0.568967048849284
0.380905208849664
-0.920818818263865
0.213703466205915
-1.03810274560905
~
-0.445288531707977
-0.362639004604182
-0.469798793812199
-0.498498451476994
-0.710544863516896
-0.634569924926365
0.813784076120958
-0.61051676665468
0.302929033332704
-0.698859507915108
0.132644019069952
-0.728307079880229
~
-0.479881844220639
-0.952105256592342
-0.490475365773021
-0.909159254368538
-0.707906689784755
-0.602130928380296
0.762533994208762
-0.723529051816795
0.372117830865377
-0.407424821610498
0.335686428461961
-0.339957798739505
~
-0.482456184335148
-1.04595644003958
-0.569130821358448
-0.988481763394479
-0.733323475202486
-0.588329143067622
0.668824905894251
-0.795824251007566
0.389181550960853
-0.352714571728587
0.376674048030498
-0.194436172415343
~
-0.495662001632145
-0.979218484122252
-0.581099999966471
-0.936123287451347
-0.749923069964646
-0.565759924683843
0.556679997322676
-0.718369489396053
0.450483849179879
-0.432044880383524
0.405364081422566
-0.233818674027295
~
-0.353702459078892
-0.520225344204791
-0.450682901161989
-0.453517439121196
-0.746544260821451
-0.559365560285562
0.683727903076113
-0.670106064970073
0.393180812352716
-0.729018373035183
0.352465950007619
-0.617344335195329
~
-0.522921416177563
-0.291880160085214
-0.524113041141505
-0.296821857585348
-0.757248031363329
-0.626225091529137
0.723258231411529
-0.686674288733327
0.275955386261379
-0.862000456466379
0.233518439951772
-0.74560303367522
~
-0.533118470779166
-0.58761689029858
-0.542903774682778
-0.588036141216523
-0.777897044485501
-0.635894838663529
0.733724243968215
-0.650033548938079
0.39347416008368
-0.622890834441718
0.350937252023217
-0.506219241105358
~
-0.430616274978477
-0.712728606781941
-0.537172064388354
-0.894206139739261
-0.863133460074105
-0.629529298765646
0.709043819758535
-0.696141684339332
0.44325606871074
-0.350874465349215
0.44349929290368
-0.318070139116621
~
-0.538658478287923
-1.02870213293539
-0.482122134058821
-0.968394035794642
-0.823952320293514
-0.563557534186372
0.754334943897165
-0.84455682733171
0.54243377035396
-0.269596825677021
0.517059872395114
-0.177245773729309
~
-0.216779284402792
-0.70463190605476
-0.369097929286624
-0.676624015533484
-0.82605383618778
-0.592600343969655
0.804155071932327
-0.893205731393356
0.639596001995492
-0.316529142804709
0.600226040170842
-0.134981980961108
~
-0.281590868254677
-0.401909626308118
-0.408300621767305
-0.44679730785089
-0.788429856431657
-0.581460352479206
0.741243156259922
-0.845111108193429
0.533049963574501
-0.554352548688363
0.50941632839809
-0.451487920609113
~
-0.588741991532145
-0.388183320457202
-0.580510266325599
-0.423045429506327
-0.801024032399496
-0.602649423223085
0.843945996679305
-0.60553941804672
0.35576187253319
-0.826356033853895
0.245944218592705
-0.750324263655399
~
-0.61719051174908
-0.804653726848526
-0.642514293220931
-0.829184397242887
-0.850614519040775
-0.53226780964415
0.842423449331059
-0.602409246715499
0.313930611039118
-0.724048811358482
0.207204693547884
-0.638904750281786
~
-0.525346908355496
-1.24110880562246
-0.605691920326722
-1.06819623327756
-0.846727008291113
-0.549458516242862
0.745936007837572
-0.672050593438276
0.401115025500979
-0.273233450759557
0.408139034978206
-0.223200639900252
~
-0.571677959882812
-0.725030768049985
-0.533592696775681
-0.914985393758329
-0.834092752089478
-0.534838915616351
0.79830197035101
-0.844041903710655
0.581131007424278
-0.220825794036576
0.546233941008103
-0.0936542585460484
~
-0.51372623964127
-0.431145402670074
-0.511447289020382
-0.48594181342827
-0.808516603426463
-0.580603483559663
0.749488614854625
-0.660289749840858
0.461166914207708
-0.538959500968035
0.423678736067036
-0.533079980858352
~
-0.568686519155623
-0.287863356354456
-0.55790780208653
-0.33015262410785
-0.821121108093353
-0.578172245095961
0.866063550242584
-0.64446045307525
0.308778386589605
-0.847690513637422
0.265590482811906
-0.83596680581202
~
-0.494469924860798
-0.515740229014836
-0.540386549553019
-0.64154365213004
-0.823863861216128
-0.575118734988133
0.812370344168435
-0.633611788230392
0.22243675904264
-0.740245253461387
-0.0655374202972523
-0.705655413848948
~
----
@Driving
-0.671950845550054
-0.602471217396059
-0.681426858481507
-0.559407445381894
-0.770300955253095
-0.316437174101951
0.741321416147526
0.145404662465719
0.438130952286604
0.290210338758056
0.332499297737409
0.329490496323971
~
-0.671648118901489
-0.603425263180543
-0.683337409789425
-0.556838462631547
-0.782795847978712
-0.303780691908066
0.737731385855619
0.141905485498009
0.562556844277941
0.251654477062962
0.333471155209263
0.328713597501936
~
-0.668873758631288
-0.602330896968406
-0.682702235918956
-0.555278875034568
-0.785754661384964
-0.296816018863447
0.746438109622734
0.147189986860968
0.446998626739943
0.297727095682089
0.335434268269867
0.329984942006531
~
-0.67109748993769
-0.600537957945247
-0.684584513688483
-0.552584808483871
-0.788656822573766
-0.290620578214491
0.75583154735811
0.145601579854644
0.560992239724396
0.261095200022669
0.338983416007093
0.332499891532498
~
-0.670633092557374
-0.599655373552978
-0.691484566236835
-0.546345636699846
-0.789442350529469
-0.284988889598249
0.747091227328614
0.137215887044456
0.448920914043209
0.283929851225201
0.342627900158864
0.327125186341465
~
-0.671867278686055
-0.596975554823962
-0.698373667174851
-0.540307258553376
-0.797700429708682
-0.276028529108738
0.74814884311964
0.137001692438879
0.451640868585299
0.280083447388942
0.3487405345414
0.323787079688116
~
-0.672664961747216
-0.593098678816505
-0.699788566875788
-0.535861134075934
-0.799307405792453
-0.273778717199328
0.763798428872235
0.130801752772262
0.456736302096014
0.277109938059163
0.355071796880514
0.321680924574796
~
-0.669031498332571
-0.576602964591904
-0.693546733173493
-0.521849371204845
-0.801152736466619
-0.265772749497594
0.756722596992532
0.126886096104624
0.45752813407486
0.271195770301225
0.349717501221976
0.319342313914741
~
-0.667603758869059
-0.568898000781422
-0.684997407768264
-0.517286027911337
-0.799559850830147
-0.2633343464392
0.747613001772197
0.101639112004815
0.455385718759729
0.251091999102089
0.34517032194835
0.308275325808351
~
-0.66775493964645
-0.559134289201009
-0.693785453078912
-0.503225796565552
-0.797758694120115
-0.262293467365285
0.750269584091098
0.0871318206140879
0.462221685227886
0.224489794366
0.357603619375431
0.282832816724947
~
-0.665332877954652
-0.546946916563966
-0.700187608219468
-0.485454455830374
-0.798117166798285
-0.25225415073514
0.747146253937511
0.0598700886360261
0.468659485943687
0.201318864086046
0.37536232450031
0.257490244223559
~
-0.664810110481561
-0.545314350347872
-0.691206095258824
-0.486763684472668
-0.801021825161942
-0.255344204435901
0.773350547170926
0.0319089033611191
0.495041088669377
0.169768628809653
0.40206279644154
0.232179849241753
~
-0.662569655922918
-0.530258595964233
-0.683663548292604
-0.485999058348216
-0.794606664420751
-0.26000426061532
0.767932906584248
0.00704935194786174
0.509247308937274
0.128437676396374
0.426439941288769
0.197252611786561
~
-0.667122868507639
-0.482052590980466
-0.691457392717908
-0.450646026050723
-0.788135048825168
-0.26123196206268
0.757611529481685
-0.0312413187536422
0.512900498117342
0.0895086677409446
0.442095443055145
0.152483417305952
~
-0.676364529988822
-0.400223168601746
-0.686539935187171
-0.380763474207258
-0.770238627375424
-0.2800490776788
0.752593516528106
-0.0617403239750541
0.519920798557377
0.0288799687134251
0.461827567811359
0.0865054299513751
~
-0.672908153379191
-0.321566221609824
-0.686607527830785
-0.312948952938192
-0.801026775250422
-0.502756981544788
0.772724964432645
-0.156434003950749
0.541787628727622
-0.0432809854098842
0.474555658380611
0.0251415766504642
~
-0.663538078981839
-0.240778425822904
-0.676302010569901
-0.274469828804857
-0.796733606464461
-0.398784252829292
0.711350945058108
-0.177022387930353
0.542206748562725
-0.116514436029264
0.506099242105026
-0.0603506335594894
~
-0.655458113143395
-0.170438434395645
-0.68003501163089
-0.217795905077604
-0.807692085676669
-0.384511848192661
0.723478628865852
-0.0859463628367077
0.560508611630817
-0.19426028599793
0.541821996652121
-0.182203827051206
~
-0.643480718244987
-0.117336379792076
-0.670206754072753
-0.146391481654736
-0.811517028769379
-0.308642486192447
0.716613650238556
-0.1260288023448
0.590549150565385
-0.258226718503393
0.545744572066523
-0.285567856227272
~
-0.630941515528743
-0.0619230408020259
-0.663163734997833
-0.118434270554082
-0.819121039541546
-0.302349860454751
0.693623458588721
-0.15491671208032
0.566694363185085
-0.344195552049333
0.521707968805229
-0.386937309376281
~
-0.611882812329489
-0.0139669923850245
-0.668459120111361
-0.0830685031776713
-0.821019217016638
-0.251119326037713
0.662928095198029
-0.207335298644512
0.519986890033113
-0.405936786172865
0.475569148959609
-0.448109958498725
~
-0.596130481296305
0.0222125641836439
-0.63110589151633
-0.00438871597355117
-0.816723459579471
-0.221458942502209
0.509187702802687
-0.55615539348562
0.446187903821275
-0.472818616868509
0.420109170218031
-0.506083049397685
~
-0.590511810157001
0.0618410691995911
-0.630860248971124
0.0169612120646481
-0.801035563584926
-0.173245648863761
0.49494577476051
-0.570252754172862
0.405670317786707
-0.521471228272466
0.365324785330141
-0.573276179811857
~
-0.587226013158506
0.0919541370799462
-0.634233703393753
0.0377873966297197
-0.804644165474686
-0.160306920421298
0.490527304171526
-0.578360985899978
0.386441557186721
-0.547176349295094
0.335758265453956
-0.612060386208056
~
-0.586728074127337
0.106293159780398
-0.636646772850731
0.0440614243789521
-0.803603644574759
-0.150304840606632
0.480363081873958
-0.589236731933721
0.363844433320766
-0.560993873271381
0.306091646829829
-0.629390562544395
~
-0.589868358962691
0.109503173655803
-0.641835708003877
0.0450178447933578
-0.800287898201042
-0.144986553334696
0.549710372466663
-0.866600062297155
0.417090844734273
-0.744262570084244
0.175385147146331
-0.565063052739786
~
-0.596224247325943
0.10800840314249
-0.646841419743243
0.043225225024612
-0.80861208552265
-0.149568689511218
0.556307105401478
-0.867607741188478
0.420189646801984
-0.746043425362486
0.177814379024989
-0.566689380925939
~
-0.606613855185939
0.102247364139575
-0.656117509027061
0.0381114059703216
-0.822495993516828
-0.158930166606175
0.558075346247472
-0.872339679007909
0.42319386161919
-0.750095218923499
0.178930584908679
-0.570482792962113
~
-0.618896081165794
0.0925330930169474
-0.662485673805712
0.0322491010736683
-0.829186120434148
-0.164211395415726
0.548914840706387
-0.867302812873534
0.415666744160999
-0.745302516588907
0.172234436192492
-0.56757307911273
~
-0.622012705211941
0.0877075066552642
-0.664242850357384
0.0285262192385427
-0.826980406633548
-0.166493435152593
0.517775996008509
-0.858838552228583
0.398416051593778
-0.73850450041302
0.15401081685094
-0.566935510522463
~
-0.624329178368614
0.0909368353811969
-0.664972208315018
0.0317992754580729
-0.820109940562971
-0.159779808623708
0.524773846689102
-0.866574154405169
0.406836238312108
-0.742623667181406
0.160858110791004
-0.570386404181474
~
-0.627480597325604
0.0910221891947513
-0.668817884376353
0.0292533830743541
-0.825311219165639
-0.164667437118087
0.531724000829564
-0.870459950169207
0.416770838467023
-0.744213742844472
0.1690936492512
-0.573444218095616
~
-0.633456740931412
0.089131325425746
-0.67573522510348
0.02381133045715
-0.830735357090276
-0.176486299952254
0.53175695785871
-0.871706871748576
0.433447887057854
-0.732103306813817
0.180060688239852
-0.570311377854329
~
----