@marriage
-1.5860756519242
0.813264321097462
-1.45775665667324
0.537823826105691
-1.22386963272151
-0.0736741151246351
1.19052773329074
-0.248395839073504
1.66503709108865
0.495752383197346
1.82692937655951
0.726745425222537
~
-1.60467205756052
0.826252015735909
-1.46297363344311
0.538363397607679
-1.228999686111
-0.0744818538305062
1.19301848846603
-0.248119549045665
1.6683380738945
0.497338272087886
1.82694380784082
0.728540384779208
~
-1.60769977121494
0.823654414307329
-1.45868109770217
0.516113223177495
-1.18016350532613
-0.074907068952067
1.19112706380879
-0.247976981064104
1.66465641608424
0.498264918814931
1.82216675323021
0.729177736571299
~
-1.61639303283718
0.822136024478957
-1.46370936799218
0.528457103306948
-1.20799308835199
-0.072700899923151
1.19019204312616
-0.24663245646099
1.66348237762926
0.498702725008591
1.82239794758827
0.732094451189268
~
-1.61962802137482
0.823477354940841
-1.46183018512575
0.524811744369776
-1.20453808960358
-0.0743216703917088
1.19065155532611
-0.244122753812799
1.66089979715805
0.501635262632325
1.81525579901516
0.731184552653665
~
-1.61470841331786
0.818360873249059
-1.45897766786038
0.518643990710894
-1.19946531509354
-0.0779320631030435
1.19022261412626
-0.2412082212232
1.65994814468574
0.503978584171043
1.8163666835885
0.733739823049707
~
-1.61458628914913
0.814809362432066
-1.46440604929074
0.528332999575367
-1.21463486255876
-0.0727871663220675
1.18948887454037
-0.239217374632606
1.65826729548501
0.505993096846313
1.81196825657641
0.733174459229319
~
-1.61932446090464
0.817098764684604
-1.48233803650083
0.526214298259582
-1.2196056802671
-0.0713354156302325
1.19252678240909
-0.236818806751249
1.64927996940767
0.517596493163189
1.8086065080751
0.733844804233091
~
-1.61993820431094
0.819609260238798
-1.48076848282971
0.530570334416146
-1.22248034802741
-0.0688820124079961
1.19100430348842
-0.234554010137204
1.65024808113959
0.51822149522474
1.80765159790775
0.735639956346273
~
-1.60817794611225
0.813034121283202
-1.46927389650152
0.504383840337347
-1.19283166741808
-0.0846600675172503
1.18927313100902
-0.232010794345544
1.62177916577438
0.515205139592273
1.80094267926791
0.736275647526096
~
-1.60424713519294
0.811502948455951
-1.46909799481425
0.520460882944268
-1.21252350229063
-0.0756189016705182
1.18472048164377
-0.230273444711149
1.56085911026123
0.556150601043152
1.75460751703132
0.660385881644342
~
-1.60673745558992
0.813979601193647
-1.47279731527478
0.529910489256821
-1.22151618339275
-0.0695566229307642
1.18691952884911
-0.227141657569099
1.55619970267316
0.566512222459718
1.76718822457294
0.731333205703507
~
-1.61143632876285
0.816240773232655
-1.47349782142109
0.533258452508378
-1.22623742525272
-0.0682058185341091
1.18780192774516
-0.227103393853969
1.61813640526809
0.539331734377628
1.75963423864973
0.732752123929656
~
-1.6134885701595
0.818102924698013
-1.47214604881911
0.52822728280622
-1.22649480962429
-0.0744907153748257
1.18794853317316
-0.223605773035292
1.61649624529425
0.544335352075687
1.74262627420908
0.737064386338001
~
-1.612485359444
0.817765467166534
-1.46589007694109
0.523239474745507
-1.22496849975062
-0.0811679437156687
1.18737109178177
-0.215682478812285
1.57841644607715
0.569169667138576
1.72180228056218
0.73780607274591
~
-1.61533998775341
0.819414415360977
-1.45638990651627
0.491975573937471
-1.18136714647536
-0.0964191009512938
1.18686106610408
-0.207532123836666
1.56192212277569
0.584829542229875
1.70221388670764
0.738699786915198
~
-1.62001865699847
0.821626302320843
-1.45768437057213
0.48829505058464
-1.17527754359039
-0.0977950996552016
1.18653410225958
-0.197776694791141
1.5634622508428
0.595713482704253
1.69805034601767
0.743178071941508
~
-1.62066358251283
0.821483072836631
-1.46136144410913
0.494121588946784
-1.17677084628547
-0.0912509142729825
1.18269834288429
-0.190243572253948
1.55176113189401
0.607999928825573
1.69067434425512
0.746205844410967
~
-1.60924080624328
0.813121192045471
-1.45962111043825
0.499431646757647
-1.19853710161259
-0.0968641355076109
1.17742669437534
-0.184505645883042
1.54739905837336
0.610698018194194
1.68443420515614
0.748281423451173
~
-1.60645485082608
0.811269716497909
-1.46117100141985
0.502686615277884
-1.19977819258048
-0.0926774918530979
1.17595266939881
-0.180380354785683
1.52688483084111
0.362408146531074
1.67928251289954
0.750474625103293
~
-1.6100632199536
0.813616134865893
-1.46292437535914
0.493834690293501
-1.19075070790807
-0.0969100864271019
1.17931499533015
-0.179028057492242
1.54395447245197
0.618958319188661
1.68290956340157
0.755094838271453
~
-1.61435225548477
0.814946395676427
-1.45852556118987
0.477198775693888
-1.16139132812337
-0.101138899373256
1.18318744337039
-0.178450668087475
1.54905409669613
0.621214964226128
1.68722155649513
0.756549505033519
~
-1.59589821182721
0.800064609907629
-1.45794519926868
0.495792327557759
-1.19117516988881
-0.0977433852420134
1.18038453683824
-0.178216150258875
1.54498891388189
0.620736196890505
1.68492426908584
0.754992860687071
~
-1.59211408391372
0.796420525894592
-1.45077232121507
0.475539799369925
-1.15060633001858
-0.0985253009607939
1.17976066820321
-0.177632517660245
1.55874121209333
0.615253350600728
1.67778488432267
0.752636254925648
~
-1.59726547666843
0.801715898651185
-1.44321462230196
0.47569074813417
-1.14670713931862
-0.0998817265182435
1.18030422077891
-0.175926561349104
1.55387456612793
0.620924596076118
1.68187252307717
0.758048884006339
~
-1.60050459483529
0.8054875390226
-1.51133151184938
0.701080039127994
-1.14263779946401
-0.098076411491258
1.1794129745208
-0.175011995746058
1.56361766514386
0.616187744628476
1.67971241868878
0.760375604251955
~
-1.60412456008756
0.808117936084089
-1.44315150264699
0.509669196107799
-1.19445590269864
-0.0908477555186412
1.18693464913979
-0.17807305748961
1.58408822519263
0.607177097572881
1.68452568689555
0.763498013355755
~
-1.60165978754368
0.807631715186448
-1.44964156289757
0.514951906212381
-1.20495034474769
-0.0886529503253441
1.18652609000212
-0.17864675340395
1.5890707311574
0.605223416191818
1.68705620527655
0.766592713356811
~
-1.59095804609025
0.796120139667506
-1.44686982210367
0.510114670269699
-1.19241565806818
-0.0847771976121998
1.17759594618581
-0.184378272653034
1.55472211532749
0.605520779873704
1.67458071048541
0.756484342111506
~
-1.58117606779051
0.791983474588163
-1.44718131974158
0.513488017802122
-1.19865206248809
-0.082997650924641
1.17633566927597
-0.187180972573023
1.573159214674
0.591645694012711
1.67781059897184
0.754733735686798
~
-1.57134426278146
0.787570836609749
-1.44082990591481
0.501720106433342
-1.18678713548284
-0.0912996501482089
1.17456793979421
-0.190025155828115
1.58351599862842
0.581132779784555
1.68351855829719
0.753727088515016
~
-1.56885386871336
0.787408611233428
-1.43602802893244
0.481050455552187
-1.15556052048541
-0.0974882308159821
1.17081181009133
-0.193637148952003
1.58083782864809
0.575570168733756
1.6838299676709
0.751944258669409
~
-1.56349277442241
0.78847979551696
-1.43203458241716
0.509511729722194
-1.18679233272589
-0.0850237681227362
1.16761016417209
-0.192414528617854
1.57900693341766
0.573827130957323
1.68401322895188
0.753658130508106
~
----
@what
0.0191459738222612
-0.358047278792001
-0.292966286659291
-0.46582678484661
-0.740117968580741
-0.672647937018119
0.800370708663612
-0.553188625608309
0.347858733565857
-0.482136228278485
0.0712824497468624
-0.361171053903238
~
0.0206031818619808
-0.358852657368389
-0.295577378551705
-0.476437155537178
-0.742250229156502
-0.667854842434972
0.794162085541303
-0.553801497998251
0.346217962094855
-0.460830475606052
0.0730451566602198
-0.361041076327879
~
0.0232330496021589
-0.361147701105946
-0.297070202383437
-0.480465848846573
-0.741046115313636
-0.665052243867867
0.794476792618652
-0.555275572876992
0.347781825300598
-0.448655481046717
0.0714441429280653
-0.362360307922975
~
0.0262041742717881
-0.362677381872347
-0.293652049812624
-0.481845149392729
-0.739491105972058
-0.666732959177921
0.798374174348918
-0.556432297375252
0.350150187787857
-0.449544031940798
0.0729787209226139
-0.363428853333986
~
0.0278910733765668
-0.364835529618616
-0.294966678080717
-0.486275867892561
-0.740768825343821
-0.667846959194234
0.801132324019025
-0.55591163871173
0.353165255613716
-0.450898477926766
0.0732835369054435
-0.364292353342324
~
0.0287917708288961
-0.365463327181986
-0.295770393135686
-0.487785350707544
-0.740867984985027
-0.667995369640576
0.80336174712898
-0.556389221097428
0.3010806707206
-0.433324692833835
0.0741983546415195
-0.364602201087135
~
0.020621611885349
-0.361263514874252
-0.293741706150145
-0.4861556830862
-0.738980363316958
-0.668330110829226
0.805494709938643
-0.557484520370297
0.29471517267048
-0.419574169747955
0.0758440792265839
-0.364745878540213
~
0.0277570552579259
-0.364720343225993
-0.285898013480815
-0.489753092612555
-0.738723666291624
-0.667424574811665
0.805964839301356
-0.560247394030565
0.288668881703267
-0.429560893224927
0.0782515640599588
-0.365194607869107
~
0.0354961372435919
-0.365759778728202
-0.284221497230867
-0.49011407336363
-0.738595522631392
-0.666042939390078
0.807123069428978
-0.560471795543658
0.353224403535123
-0.442428992326006
0.079309233975652
-0.365377561200423
~
0.0355940207411715
-0.365435030771109
-0.281269491744416
-0.485265190249535
-0.737964301424602
-0.664061057966852
0.806913566543131
-0.55994457944827
0.281835964851024
-0.42543488686959
0.0829477649027599
-0.363807499948093
~
0.0224278332055665
-0.356153852049938
-0.280497239689053
-0.485336448684767
-0.737249286594238
-0.66387154766788
0.807181534961426
-0.559040043045307
0.282949717015866
-0.41654092930925
0.0871898987503597
-0.363368986603515
~
0.0255570768168812
-0.358952105416195
-0.278493389105128
-0.487307657678532
-0.735040113028637
-0.658372610685042
0.818859156692565
-0.554153365253553
0.279403950226587
-0.41630029903571
0.0889553689743975
-0.364186832112698
~
0.025887783486843
-0.35664059636903
-0.275255456601854
-0.491598449679308
-0.732187484167634
-0.658137230144811
0.816793714149883
-0.554241394844677
0.277900041284483
-0.416599441551529
0.0924098569480729
-0.364402618779182
~
0.0218562498998117
-0.354656306685591
-0.266851981963775
-0.483951593026648
-0.732930736120262
-0.659365478328356
0.824170813961109
-0.565898399095453
0.395291287650307
-0.444842643358573
0.0932616857216934
-0.364231831478698
~
0.0257250177984927
-0.356335046419389
-0.282112306733714
-0.487539892819941
-0.732206598208197
-0.66119195927588
0.819762442527829
-0.562991505308944
0.39286699901661
-0.441696047056077
0.0942302217135142
-0.363387274308932
~
0.0234150463968716
-0.354302304446379
-0.280665043848848
-0.488520634536689
-0.730311033989376
-0.658962810882065
0.773677443155834
-0.524478024756318
0.315042562912244
-0.42944904015983
0.0958301953961452
-0.362533087310986
~
0.0233195796219798
-0.353681214110352
-0.270517454609578
-0.479078466032921
-0.729282866557368
-0.657383961750598
0.744345044493029
-0.540069618181405
0.293222404459816
-0.420469883415006
0.0954313389860758
-0.361959458127447
~
0.0185520096498382
-0.350812839157069
-0.281720382885966
-0.486430473867662
-0.730853095471549
-0.655662387638319
0.741883924327917
-0.529770675203397
0.279547575124835
-0.420611871703294
0.0952016470707987
-0.361264001694989
~
0.0128332972514054
-0.344365642308103
-0.283326331560171
-0.487486062039598
-0.731157319834324
-0.653380544495784
0.736525957069806
-0.528455506323543
0.273128096539219
-0.416458866535193
0.0950779590692878
-0.361230225970347
~
0.00666564334701106
-0.343162740758316
-0.273583055620179
-0.482440536268101
-0.729308659374192
-0.652025573525188
0.732844469098605
-0.528081466963984
0.270896152944249
-0.413141072749286
0.0951029460597953
-0.361575151461612
~
0.00395543801161927
-0.34179260645938
-0.275660991510076
-0.483751995459409
-0.727270675495821
-0.651887087568662
0.731271432202102
-0.527951994387559
0.265150521142065
-0.409837390646046
0.0950752188063694
-0.361066950964372
~
0.00620342444409224
-0.344549453017387
-0.275215982992065
-0.483923223222396
-0.726491499903967
-0.650884758198015
0.730413164504981
-0.528659707419287
0.21284741415326
-0.402976072606023
0.0949268301172333
-0.361577414589266
~
0.00302097453918883
-0.344189694027071
-0.263923563985342
-0.47261043618077
-0.723909395425848
-0.660737536528061
0.730039561266282
-0.532498853836417
0.266007884080341
-0.423415590712377
0.0948048124535362
-0.362554245441887
~
0.0130250739665489
-0.351231668602856
-0.278095800089705
-0.481397735668014
-0.726284952196297
-0.660750147130149
0.733242071772742
-0.562905093124526
0.28278162603164
-0.428829734284075
0.0943730915813084
-0.364227369510603
~
0.0138979532677249
-0.352656372461054
-0.255376177094281
-0.474076816849448
-0.722368648303129
-0.659506922959292
0.785885462947427
-0.562604264140376
0.273955367541052
-0.422806268435498
0.0934268718441508
-0.364833771252185
~
0.0122532450399616
-0.352458909933722
-0.274605639074859
-0.478278401552229
-0.725155983264006
-0.659152542518169
0.793756196481363
-0.56186200582802
0.295037393251523
-0.439221345851837
0.0942400406533797
-0.366133491429364
~
0.0130355523573812
-0.353554759197694
-0.273272943893588
-0.479374226162705
-0.727314479983107
-0.659477311457286
0.792827796392476
-0.562866841163903
0.26590420070293
-0.425495444771187
0.0944497816040558
-0.366945880067013
~
0.00775435000177086
-0.349723417272735
-0.274218631978224
-0.478539924592589
-0.725149313897063
-0.659347084078649
0.789632505460448
-0.561661026533756
0.324072139487984
-0.436885045471738
0.0936417766769306
-0.366950442888212
~
0.00536560681904295
-0.347348669057626
-0.276356224151311
-0.476170913395669
-0.728973704094796
-0.659027893856834
0.788572497940428
-0.561424125350743
0.284460782625193
-0.428232386371263
0.0923734112563253
-0.366259125472538
~
0.0042534097174938
-0.348320011139425
-0.277384430242642
-0.474007614952463
-0.726045476540604
-0.661567222415602
0.79110752141838
-0.564441899500081
0.319877001530902
-0.436883215295621
0.0940309505468189
-0.364846286168604
~
0.0112660942255027
-0.351647409370929
-0.27212089164576
-0.468061010970976
-0.725436274265057
-0.662002364295092
0.789578116377868
-0.561062125666879
0.272663161040669
-0.423496190727469
0.094507091811226
-0.364117730511115
~
0.0165248545684879
-0.356754240914754
-0.273636228409227
-0.473011924958592
-0.72744903087216
-0.660182054292153
0.786225956791277
-0.557572830568892
0.331223137542208
-0.437138948470239
0.0947877496802407
-0.364957187916652
~
0.0186997696443365
-0.356001205627054
-0.26790984463817
-0.471738445905781
-0.725359110709827
-0.662664015282021
0.783135959677395
-0.555592382838788
0.265642303039851
-0.427304401010798
0.0942269174971652
-0.364740708134043
~
----
@marriage
0.0428954770202101
-0.297905614958121
-0.0595314795481007
-0.406620997509936
-0.627056617511468
-0.710572257568146
0.673040361211689
-0.597057323486184
0.284203239998092
-0.402881657282539
0.044586643649802
-0.272041126093613
~
0.0416652960832908
-0.299532281347593
-0.112221662051742
-0.395990718425104
-0.623791189366414
-0.704416733492972
0.666645956490823
-0.601709507494243
0.286067735114568
-0.403706305449745
0.0445544872817011
-0.272527399976684
~
0.0413884131304242
-0.30270086297227
-0.10396709848222
-0.399595414854099
-0.623938096853174
-0.710912541896315
0.670074207067491
-0.598901058725157
0.281476060856825
-0.406707618057725
0.0430329684456602
-0.276896326325357
~
0.0430301767307381
-0.302644575881326
-0.105363141946698
-0.392715198523
-0.62450922004948
-0.697590376883114
0.659373569750198
-0.614994409735422
0.183306022460063
-0.399129787630256
0.0467137665386258
-0.278535965261639
~
0.0429472063478124
-0.304707175774479
-0.252987469749698
-0.457204306282119
-0.628930882846586
-0.694759218703565
0.656153244527923
-0.612332488881234
0.261392875171757
-0.42082554776827
0.047026016007398
-0.283499194466052
~
0.045216451760803
-0.306086643853752
-0.256352616169891
-0.469189859283501
-0.632226168739986
-0.683744573946421
0.660226708857058
-0.608719836558322
0.2651221082426
-0.41819421207668
0.0506981712131583
-0.287261513870747
~
0.0452795004477193
-0.308731595091248
-0.260052189240234
-0.474793611988456
-0.632568276863114
-0.685186574946175
0.649817944820898
-0.586172878204168
0.248166661794387
-0.38875293210241
0.0501966145655239
-0.287748101887571
~
0.0456093488808877
-0.310163748533415
0.0110523349423614
-0.416993460642015
-0.634191039643596
-0.687389487450156
0.661928534721552
-0.597284626457115
0.265457837767574
-0.400632881447098
0.0512685509116137
-0.29186953844892
~
0.0401611236841196
-0.291246934831066
-0.0278059739239523
-0.41232058470124
-0.635100912657401
-0.687058933236866
0.666373186546239
-0.585201458951161
0.255189737018047
-0.395399862379144
0.0563745831495808
-0.293963631264622
~
0.0454534828465267
-0.301087197309636
-0.275729134961315
-0.466907845053916
-0.633669582337982
-0.687286485865302
0.666943472376032
-0.584260164229781
0.259039189037662
-0.400518452132483
0.060443882340873
-0.298374063539974
~
0.047303035465888
-0.304622083482755
-0.282027442541333
-0.464271795634378
-0.634206396115178
-0.689636354437586
0.670814696267206
-0.585444431200238
0.262777882730153
-0.402897388966518
0.00340099394681686
-0.288796391043354
~
0.049702724109594
-0.306606510848554
-0.276011751385473
-0.465217562270377
-0.632480630311197
-0.694811240204782
0.670336994752811
-0.593235368398902
0.259860607021135
-0.402060480654355
0.00968028931941795
-0.290983206070974
~
0.0515618281075883
-0.307977996026694
-0.270134361222053
-0.469346637434175
-0.632296701581501
-0.702436595067316
0.675175280207453
-0.595054409529385
0.26258378881732
-0.405780606297349
0.0247258847612047
-0.293936682028867
~
0.0463943421846804
-0.309538453896563
-0.275613838861683
-0.46794148892625
-0.631656952803863
-0.701134402626137
0.676876064314465
-0.595291197619327
0.266547401271531
-0.407881094644442
0.0321296151255467
-0.293953797294366
~
0.0500932607157932
-0.307894796166618
-0.195498249511473
-0.437648181763409
-0.634296092702358
-0.705515420297058
0.68212751787144
-0.593472502650284
0.273087862115647
-0.401431112161438
0.0240979583805998
-0.288488600399711
~
0.0476416913085925
-0.306670129345692
0.0314006618553428
-0.416152923523642
-0.635324513967612
-0.703012375289611
0.681165927259322
-0.593048394862938
0.135781119970175
-0.335727561748051
0.039171190729222
-0.286763867607139
~
0.0425752132725867
-0.304868553881269
0.0292960485338148
-0.414388467788843
-0.635360738320574
-0.706209849408453
0.679859827809797
-0.601299916344372
0.135272954373093
-0.339449486593155
0.0397638045754999
-0.287593370363989
~
0.0465877413984032
-0.306498546375464
0.035143659139927
-0.420964975462436
-0.631808104968358
-0.71182454038461
0.680248370529614
-0.598575343707291
0.137096656169607
-0.336702174818272
0.0404278467933804
-0.288677837797854
~
0.0526818664263101
-0.302045284054186
0.0554223715713002
-0.428422690825814
-0.625706376179456
-0.707833256848175
0.678903754348056
-0.591296065071335
0.274933818539431
-0.411777322510896
0.0540436987762008
-0.284975929799868
~
0.0560752365709072
-0.302762681694951
0.0144800223698047
-0.419919678697269
-0.624949172804634
-0.708772701340729
0.67533542738046
-0.593010225329776
0.283398459657261
-0.390355571647044
0.0122515552504279
-0.276084266597154
~
0.0586941547881733
-0.300428088625785
0.00769496274648209
-0.415038611488782
-0.618326607944127
-0.708059859731583
0.672142872112403
-0.594327909564506
0.285060238392226
-0.388463770564863
0.00756383117993694
-0.273078099356245
~
0.0538301625514381
-0.295741909399707
-0.0795045985710972
-0.360920089159486
-0.625601481564886
-0.673659516680438
0.672717216080784
-0.592766144743956
0.28620146023173
-0.389139261423838
0.0513114311311008
-0.272364641683915
~
0.0412518592505417
-0.290131437632769
-0.0893595433895921
-0.372275868312913
-0.61442057826961
-0.707975658376505
0.674856182816112
-0.590850241595914
0.292276859696108
-0.379188772085042
0.0570696972127246
-0.271783957046303
~
0.0418864010500733
-0.288720946608666
-0.10094015561519
-0.379690618933619
-0.620490520664243
-0.707943312552584
0.666022889541135
-0.582514194384596
0.290309459258158
-0.363520396697339
0.0604045030973938
-0.27300493703737
~
0.0508966202915907
-0.282548348904408
-0.0310011908256875
-0.387881436149693
-0.617645685385065
-0.720608067418944
0.681095692971346
-0.597774761446178
0.304332314996996
-0.377280398025073
0.053787152298726
-0.274958457304332
~
0.0454735721564768
-0.279043941102485
-0.0979929929460076
-0.375839855959939
-0.615499205984156
-0.718882370863837
0.684482469093539
-0.601826927529287
0.307837861307872
-0.380512503005327
0.0115735933088957
-0.265640701464039
~
0.0232006511817895
-0.224954066496191
-0.0624758917272049
-0.394980250683408
-0.606224880218398
-0.717672485645726
0.680628424001348
-0.607004006938162
0.305311523019866
-0.386322830386798
0.0367801125412227
-0.269745932279018
~
0.041252231918692
-0.275627817315624
-0.0819123124517306
-0.38312843550477
-0.605073589536749
-0.724476463104529
0.683379578537931
-0.587635251099841
0.308210048498805
-0.366871543682708
0.0683742811488606
-0.265218028958076
~
0.0253281176746689
-0.190396872864707
-0.0682818347075563
-0.371823129656428
-0.605607326851181
-0.697837674237253
0.686013428534914
-0.57901563975975
0.311365065191911
-0.358529675372859
0.0303075276247423
-0.265920973940402
~
0.0425165040177145
-0.273253215400708
-0.0569181884607339
-0.355430027220671
-0.592991317402037
-0.681716805682419
0.687729506186734
-0.575568985596993
0.313264155602719
-0.355194371840885
0.0505858753464094
-0.268120259139173
~
0.0427905444628965
-0.273583976188157
-0.0781507611824645
-0.370404797684742
-0.598423243616503
-0.704680236936644
0.688802676719807
-0.576024849324341
0.31438554080766
-0.355676280806931
0.0193695636053869
-0.27010911831541
~
0.0384783435078575
-0.275131283643124
-0.0858768279292828
-0.371094957462751
-0.599822856489632
-0.708357259716785
0.69029151151481
-0.575623674715511
0.30940932908978
-0.357365692965956
-0.0103395556496348
-0.268552685036676
~
0.0388268170778443
-0.275605258760903
-0.0810519288306973
-0.360669393981938
-0.60325282184464
-0.695904824065781
0.678610146153331
-0.585879316021877
0.289274567933607
-0.371502052635777
-0.0108604610809043
-0.268298841149949
~
----